6795
10013
4624
7890
5765
2793
13372
5259
43
9543
5628
12451
9462
2162
5330
5647
7614
5782
1677
1997
467
9232
13758
1132
14285
9646
12617
596
9327
14893
11389
241
8966
7063
10212
14189
14754
14309
4592
9479
8472
1288
11603
7241
12961
9911
13621
8114
1252
4808
5410
14960
10792
6145
4927
8549
3655
4301
5796
3440
12223
7601
172
4935
9960
3669
5927
12129
5105
363
9423
10166
6298
9763
6026
13975
5987
12601
4051
5665
2126
10172
11093
13665
7311
6718
2468
2555
12963
1338
3343
2874
11101
6380
150
1778
371
5823
9975
5706
10964
5313
6905
3497
8537
6993
4644
4336
11023
1194
5494
13815
1584
12165
8670
5601
12916
2924
7964
3153
7334
11168
7921
2234
9515
11001
5513
5133
1812
10178
9806
5307
3326
10640
7066
9821
11375
9538
6071
13367
4886
11541
14187
2175
4670
7300
11732
3890
10989
11676
429
10821
7492
4612
4255
3202
3721
12855
10701
8773
6311
1730
13513
14809
14615
1450
4780
7847
14747
34
11524
11230
799
6277
3937
10009
13639
8935
4401
4090
13351
12518
5651
3140
7744
6831
8921
11737
4884
5994
14516
10749
14356
3946
12306
7985
208
2191
12145
7705
258
6509
7776
11948
7126
7913
12159
7216
2048
1377
5972
512
7993
10188
7590
3861
4229
3049
14214
14614
11755
5881
11438
4784
3645
6019
2975
2896
327
4759
9472
12943
6808
4039
6153
2406
10789
7090
9085
6552
2338
10406
7165
11020
2328
2417
943
1500
10995
4159
3418
3949
14914
9066
1675
12578
14625
4025
2788
46
2478
8981
6467
1257
12023
2336
1804
9134
13284
14861
14439
12456
13129
3887
11066
10583
1810
7143
1415
6522
2924
4044
9453
10300
8337
11619
7748
2287
11904
8309
2996
5208
8684
9688
607
8605
519
8877
14315
13239
11033
7033
14769
13501
14931
14172
11546
13460
5275
4403
7109
13499
3454
3427
5263
11024
881
4897
3475
10240
1809
9117
11135
9026
7643
3445
1691
6541
10193
6669
6509
6044
4040
2682
7717
13637
12905
631
7295
11089
3373
9662
14266
12533
6869
5922
9248
850
1318
14236
2219
9889
12402
5829
296
8709
4494
4015
14110
2617
208
6968
12290
5021
11611
9348
4798
3185
9383
4219
14136
3259
4145
14652
14132
2647
169
7806
34
9546
8817
3899
1120
11080
7329
13664
13724
3819
10283
11263
4417
1090
14493
9568
11923
11488
5048
8175
4092
7245
10731
1878
1621
1734
7648
1542
5208
6564
14066
11486
3915
11106
2317
1389
10882
8121
5
11029
332
5104
13111
11005
6783
14741
5667
11569
6053
7749
8179
7802
8792
2212
10612
3349
1472
6021
4277
11646
11038
1843
12425
12939
4062
1743
8571
6586
4599
6091
5482
12316
11034
307
8240
3165
1722
1299
292
5936
14078
5950
9839
11051
5327
6787
4781
13061
2996
5551
7667
13922
9150
6821
9674
7269
6477
15
6457
3288
1480
9350
4163
680
6348
14283
7879
1302
8091
7304
5528
14028
8869
13109
14042
13589
4453
9282
3144
2452
664
5830
5971
7087
12813
14155
10178
610
3557
7019
8573
14721
11060
7999
14916
6804
9930
3119
14638
4979
1016
7374
4348
12661
3639
5082
8878
6462
9641
1945
7688
14855
8212
1638
8978
14506
4093
837
10759
4139
6393
13045
5172
11499
6989
4256
13521
10778
1417
9235
6865
597
6232
1871
11685
11912
377
2909
11322
4309
9019
11018
1500
1082
9505
5308
13802
1643
4188
14322
5707
10885
11797
10869
12296
1419
14914
275
2032
3017
3103
12909
12438
3363
151
8049
501
8929
6144
1302
12054
14276
6614
6254
8287
8359
14388
3574
12087
4597
240
10133
11398
12525
788
8392
4522
12713
4106
6788
11793
826
7064
726
10733
5844
9976
14321
11747
502
528
10241
12600
6219
11547
4293
4120
13500
6415
2491
2989
6060
5575
8409
8812
5620
13260
7594
5124
7340
3045
3246
13546
13699
13969
5075
12820
6661
6572
3455
6732
663
6582
3987
8775
3633
10023
920
10938
11550
1245
7965
3748
5910
11673
641
1094
2764
13855
14105
10518
11899
13873
13990
758
3122
9821
13306
2048
704
2684
3209
9472
2584
4190
8310
9052
1951
6793
196
14277
14258
8971
3939
3536
1559
2979
5685
6743
6272
2143
11069
9780
6719
7277
8159
3262
13860
4084
7746
5234
2789
12739
10158
8442
1904
11110
640
3759
4978
6609
13473
167
6800
7458
5010
10547
2251
8215
8265
11034
5482
11948
6464
11030
1037
9949
2437
12255
12738
8627
798
4345
13513
13990
872
6833
11790
6401
8876
11428
13933
1150
7116
11827
182
3920
4229
3197
7636
8387
12760
11028
1288
11283
6420
333
2795
8094
4843
14627
2373
14971
7566
4238
3085
13922
13123
9621
6271
11171
5221
5480
12987
4680
2147
9031
2107
10863
2583
1799
14466
9956
6978
12290
4392
793
11491
6880
10132
7828
1890
3443
13199
14579
1598
8769
6774
8089
7581
5627
4632
11912
11672
2327
9129
4514
7683
6754
4681
9761
9952
11358
13715
10490
6680
14485
4081
10470
4218
8553
4161
4644
3614
1669
5021
9680
10444
13607
5698
9805
5494
12130
14188
773
4248
3121
6198
2084
14451
11070
6369
6703
1476
14471
5024
1133
9880
5625
9653
8066
11231
2617
6847
14654
6010
3745
2554
10349
12356
10113
8746
1728
9906
10348
9542
1449
520
8742
7088
6148
3843
3679
9477
9432
10755
5028
7827
1544
10529
6834
12460
1636
11874
1627
14541
4240
8266
14533
4489
53
490
626
1949
10196
1841
8380
14759
13715
13376
1331
719
14457
14158
2602
5571
2622
3914
13236
6874
12629
12676
3220
5862
9498
7310
9016
3965
11647
13313
9385
10186
9395
5627
5843
1953
11001
6665
14590
3627
4659
13145
11783
5930
12383
6111
12625
6007
13952
6776
711
1587
1297
1928
3442
6784
2917
1286
6906
8689
4925
9046
6981
1461
43
13257
10299
7979
14122
14757
9391
14583
11980
5016
7210
7628
9611
13540
12631
10479
13467
9017
4677
10629
3356
4005
3130
3536
3896
12393
3927
10684
7465
814
6662
14233
11707
5472
11561
12122
1565
11647
1978
3901
13005
12705
7485
8073
3258
6451
7870
8860
2379
6593
8690
8839
5202
13185
11564
7313
2687
2304
3613
9677
8332
10215
6780
14239
372
10891
10983
8121
6268
983
12912
2744
802
8007
12667
9216
14508
6709
13155
14236
457
7097
591
2282
13779
5089
8266
11427
1058
6838
14862
10479
5461
13903
1297
7400
3525
5340
441
7637
8654
7716
8053
8271
6587
14561
12690
11742
10864
8838
10629
5880
12838
4733
10386
13837
7863
9183
9494
6165
12732
5697
7387
10818
992
14300
1705
7129
13232
9712
14510
5020
303
12902
13149
4988
14568
5600
5288
14364
13176
11960
14574
11669
2218
11186
14184
2879
10322
1477
4599
1780
4217
14326
4944
4042
2625
9633
6929
2275
6402
2470
13424
13090
11013
5916
1487
10979
6454
6494
3327
14862
7672
5494
13160
8458
1987
11309
526
6070
3943
14713
7949
8481
8010
615
8713
12921
7810
9124
2727
1056
10464
10419
7158
5114
11712
8141
4708
12298
6843
13013
8237
8721
6709
3916
204
11663
8286
11502
7660
5856
9338
13138
7295
9578
4794
13713
65
10262
950
7370
3216
14960
9608
9333
13335
3583
13538
7381
14128
12397
12848
3310
10774
663
10531
9128
7429
4647
5888
2111
10635
10176
4311
1894
14446
4776
2060
11150
5496
13755
14086
14466
12797
13001
11025
3407
12384
7955
6397
742
4654
8008
2652
671
5727
3715
13678
10952
10381
8319
622
14606
7975
7531
6004
2927
4474
2347
9706
9479
3244
2467
12958
7967
1380
555
9016
1325
3234
7128
5057
6386
13939
14161
7527
5267
13237
7729
8128
6099
5068
6626
89
239
4312
14953
11582
3417
12970
7976
635
2362
3079
12845
172
9795
1821
9930
1014
3278
14408
863
10224
14603
2200
3056
3758
4356
7973
8543
13806
14586
1032
10008
9238
14755
357
3604
11056
4690
2769
12438
2072
94
2848
11165
9014
3074
7687
13478
12715
1556
5425
870
5344
6473
11874
5245
603
11275
644
12750
3481
9528
8273
4171
4175
5564
12415
12475
4100
11205
14135
11084
5589
7931
12878
12628
9109
1232
10438
7315
13548
2873
192
10567
9119
12067
2749
4054
2770
730
7932
12144
7766
7565
4082
2953
962
9274
1946
13961
13571
9289
4215
13336
7644
9548
11805
5881
10301
2088
6663
9073
7302
9427
8744
5286
7489
9016
14739
6482
14313
6425
12375
5632
610
14116
5358
14378
7318
11668
232
10626
9599
13811
5438
8620
6388
12555
262
11145
6376
9952
1492
13526
13551
12723
13586
9590
2063
13205
8150
10717
5970
2057
5741
9513
5183
13488
14426
2579
548
1299
11194
5064
4147
10121
10035
73
8191
7377
423
3069
14976
9989
3822
9258
10082
5104
12997
521
1332
7617
3628
12559
10682
8736
13123
5207
12218
11023
4249
8261
2591
6765
10231
1333
3070
5105
7245
9019
8807
1699
14040
11889
13886
1076
9190
1869
14051
12620
4675
10769
1461
5248
8122
12333
8122
5088
11980
1653
8298
9759
12421
2672
8888
5941
608
12576
11593
978
8786
13625
14513
3275
8311
4069
11038
5647
3024
7942
9789
6005
7950
3060
10004
13731
10284
14211
4654
2315
8671
6347
3848
4122
11830
3455
11117
14980
8599
12061
1783
1758
12307
1196
6692
6902
3994
11040
9858
5962
10608
4513
3193
8615
7713
4666
14424
4080
14031
2254
211
4377
687
1326
8897
3301
5227
13280
2110
4005
9866
9777
5844
2156
11338
8258
3814
10041
13181
6900
7120
1910
4376
12894
9346
5249
3304
4379
2175
10166
14912
6190
14369
5442
6071
13038
13330
6055
12258
7393
4555
5626
9719
10789
9338
7152
2526
89
6394
6926
12356
2438
1205
408
4557
4115
79
3517
11602
4732
1542
11998
5563
4058
9364
7323
6960
3790
13893
996
14967
4128
14746
5281
1025
3196
14606
12043
13855
2211
14551
8163
9087
5253
5675
12501
11963
12789
8611
9463
7468
7644
3990
199
7674
12667
710
11313
11144
12717
3803
10522
6574
1038
13301
4884
10550
14323
11088
425
14613
8713
8325
5143
12057
2526
11101
8243
2746
9306
14181
6897
8107
11507
3367
6108
14890
7021
2188
3585
9769
10055
2308
770
3533
563
10503
6497
6315
3005
2552
577
6249
14215
4101
9341
12585
6178
8884
4264
14843
6768
7699
9915
10086
14812
8317
1385
14314
11557
7024
12296
8455
12056
4469
4113
12627
9478
4055
12599
1647
4670
8847
8288
3267
8195
39
10369
14726
10729
9799
7050
14257
14910
7163
10055
9172
61
212
377
13082
3317
9041
13404
14290
10634
2326
1410
14399
7522
13647
3978
2777
9901
11299
6716
6891
14
3753
11486
181
5366
13169
7748
2345
10596
9284
11006
11083
5754
5057
8187
11802
6459
12869
11108
2866
4125
7633
2167
370
13856
6178
3655
11474
6259
4911
6543
14080
5265
2531
13941
9826
5713
5290
5675
8833
4665
11403
10646
9446
8163
655
12056
3484
3950
3176
10004
5250
12761
6723
6141
13426
7644
11862
1402
12532
11390
2964
717
9151
3625
3899
7173
697
14912
2558
2522
12
11514
6319
13290
3637
8534
8017
3691
3469
13245
3384
14641
12585
9507
11290
2176
13635
6279
1247
5393
10938
685
8834
13617
8387
1968
11234
4000
12111
2258
2214
4804
5975
3808
7148
1286
1676
1909
1090
11665
6015
14367
2267
9750
8408
6127
11547
6670
11866
14133
13070
10791
235
5813
5595
13119
12571
10193
11700
535
12886
1371
3993
14516
3474
10018
8410
2943
10306
11121
2440
12339
12595
2340
13907
14454
7473
5897
1158
1644
6461
12902
8233
8528
2208
14212
9261
988
6082
7791
13339
3153
11410
1191
6242
14855
14960
2899
8820
4220
11553
9587
13741
12559
4749
5034
4106
5952
4544
7429
2408
6023
9898
10597
12045
4859
2488
12633
300
12365
2400
7697
3513
6279
5745
12338
14430
5610
1890
1037
3304
6986
3849
356
880
12472
2376
6472
8730
11755
5731
7373
14793
14208
11242
1417
9317
2559
10597
8472
4025
8982
4507
7798
11919
13542
13515
170
14981
6779
2354
14594
3066
772
6421
778
5959
14601
2147
9606
9559
6380
7608
8379
10338
12799
13979
2936
7657
8133
12253
1321
11486
1652
1546
13180
1543
1231
13542
2865
338
6955
8429
3445
8233
10803
10786
2104
13197
11532
6397
2618
12200
2552
2647
7201
8983
9243
11196
106
14019
10239
1752
13353
10568
13627
10238
5191
2975
2442
5851
4805
4346
3578
7320
14030
2630
9506
10875
6560
7700
1040
4031
2054
4207
6030
14567
2247
13052
12919
9377
14032
559
1490
152
4179
6420
5671
6442
1665
7658
5070
14729
10050
8871
5519
6689
3643
14126
889
5908
2456
13534
12327
12013
11764
13847
13050
12439
10494
11939
7407
1758
9355
2391
10349
5064
252
12624
2288
8155
14300
13481
13698
5157
1980
3112
1192
2662
14754
1659
1601
1010
8096
9314
14065
7721
8346
807
1345
911
13984
5741
13895
11828
11391
8474
12606
14636
10359
14792
7443
13250
11134
1032
2322
8156
204
6149
2744
4708
1638
9522
5098
11326
5237
14104
8148
7741
3376
12396
13361
10780
12235
6268
11010
10141
6903
2495
5010
11272
5350
3561
833
3508
5613
802
3060
7923
9890
8135
3066
10860
2900
10504
5669
3718
4216
9919
5546
13316
14070
326
4585
6186
10848
9196
1149
7484
3221
1599
653
9410
2666
5415
9109
7041
1725
7539
10576
7999
469
3755
6643
1609
9640
727
8753
4836
8544
4798
1676
8471
12341
2904
4570
10224
3780
12427
11382
4869
666
4729
7286
14197
2111
9593
12119
9025
10024
1230
8731
5283
8592
11119
11663
10133
3078
9964
10295
5115
8562
14363
1294
2239
3910
9666
12972
5062
9165
6526
8302
14608
11769
6977
12375
506
5776
2896
12581
5542
164
2412
1950
9538
8522
12591
11493
3698
2078
6305
9535
10937
783
5940
3042
13078
2482
5656
13433
10421
1084
3483
4389
12382
14569
2086
4737
9445
11813
14224
4633
11526
4814
11830
11066
5300
14766
3303
11817
2676
1523
6245
4427
11125
1017
9882
10477
13112
8104
4912
12556
11669
3197
10542
13920
9953
2952
14098
195
2295
810
1918
5023
3838
3957
14234
12432
10869
8691
2880
2242
14144
13795
7556
14999
8074
7555
11978
1175
3342
468
11921
2095
1598
11750
12655
2140
7896
8939
12119
5673
9920
6997
7671
4407
8738
7994
7667
3493
11152
11995
8188
251
14341
3787
10459
2278
10435
54
5559
13563
8084
4014
877
11940
6056
8995
7168
6101
5073
4113
7670
13916
12738
9384
7856
2347
8748
13595
12279
13166
12762
3702
12268
5050
3718
6489
13981
4579
2594
11002
2336
6880
12985
8917
3060
3299
13961
9801
9660
11119
103
4190
1867
8226
14957
11790
12362
5803
5354
6235
5287
9755
988
13787
14500
3007
5102
10577
7409
5045
9991
14264
9394
11058
436
2980
13948
10465
829
4534
3994
2079
8025
2936
6982
9403
3687
1554
4643
2535
5529
5883
7047
14837
9215
14999
13171
5275
510
10454
3078
10512
8304
9845
7771
5820
9316
13976
9434
9290
3524
13847
957
13250
2403
5914
13995
5498
3964
4000
14699
5779
6718
9626
1173
12755
4370
2598
2681
11045
14820
8267
11914
7794
14233
5297
110
7470
5502
14615
10371
8653
5577
14985
2398
14432
8635
7200
5802
1239
6716
8806
5752
11137
12318
10466
8978
10597
13984
4671
1175
7025
962
1341
1099
8555
4323
3779
14733
14408
11866
12736
2989
2177
6072
9507
1334
4264
7176
5638
11417
1768
6724
10785
12058
8686
4676
5848
3041
7018
8683
11615
6295
14412
13824
6918
3847
2792
4917
9474
2076
8092
11385
5249
3548
2215
14627
3970
11316
14368
13545
12594
12996
13040
10528
13606
3722
2834
2376
11949
8591
11958
11632
14735
2584
6050
13294
12291
12841
5777
925
9989
13776
3910
3803
291
2192
12017
6318
8297
3310
14184
10908
4571
6356
11058
4343
3056
1344
4874
6837
7531
14709
7178
13097
12499
14901
7428
9149
14049
12412
4861
11334
10456
11704
3114
6817
1990
13536
14070
10179
526
4971
11397
3003
5767
12602
5501
6426
1535
13415
118
12151
6661
7133
9728
2324
9276
10369
10294
6964
8375
9724
8056
6940
11413
4472
53
7606
8396
7864
12611
13423
7069
14517
1264
3145
8659
8078
2649
11847
5164
9177
4456
1902
10117
679
14062
10485
3895
4273
2219
1358
9661
8193
7082
11510
4001
14642
13131
13470
6297
6389
5628
7106
10493
2888
8340
425
11814
251
261
11297
835
1751
11387
5230
2090
6814
3712
5002
4873
6192
10883
10894
3857
10156
1728
11406
11691
13210
655
12134
216
11834
2694
4125
14333
13754
13934
9298
7614
6315
11223
5626
5015
9818
6976
2869
8525
12899
996
9557
12367
2964
9252
14076
7215
3973
9737
4266
6832
8886
820
2602
2361
1411
13301
14316
4195
3697
9216
14758
14609
12441
12996
14658
6939
12661
14062
2378
11251
1284
2941
7181
13889
12962
10340
6723
14349
8074
1585
13286
8161
13570
3737
5672
8833
4792
10646
5643
33
13841
2717
12901
4029
11794
3291
8400
12411
9357
14149
3914
9459
5181
2382
14683
2971
6885
11038
4809
4851
2827
12362
2333
9928
12687
3062
14818
9050
2339
11490
12897
14412
7000
1632
3149
2503
9734
1137
2503
2102
11199
6051
14132
10436
6578
2905
9910
6965
6605
3803
11524
9373
8748
8996
3069
2366
6582
6149
12877
538
3084
10088
10646
12110
14667
14846
928
6100
5956
5526
11762
5144
13621
12461
11849
13909
5677
829
8009
5635
672
11856
4785
5011
8624
8129
10161
14055
5072
3617
13043
5600
13507
11972
4095
10027
12832
3027
9927
3597
3692
756
4316
2529
4035
8573
2423
12464
14084
1069
13445
11770
14167
7774
2016
7311
5656
7385
1288
6393
6730
9396
6150
3793
13414
2232
6393
410
8622
14423
13696
13751
11537
7578
5690
6891
8409
2221
14109
5542
8174
23
10941
3721
2455
4830
3662
6047
10055
2428
11050
3413
9086
10078
3641
4642
4871
3912
3205
8745
3103
10811
1301
6437
10115
14089
687
1713
14600
5406
627
7662
10214
1556
9989
162
10622
13707
13248
5
5172
12736
7921
10390
14942
9672
10351
5514
528
9221
6659
14422
14916
3217
14169
5827
9765
13516
10774
10084
8007
6342
6039
13709
829
8286
11361
9127
9692
160
5925
5868
13852
12925
14968
37
8012
8430
13206
6744
9740
2849
7207
8949
9109
2330
6661
11321
514
13078
11919
4032
2361
2050
11019
14362
12877
4308
12476
2482
9677
4
2299
11523
3622
1455
371
779
3051
372
9528
14586
6212
3004
7427
7999
2047
10480
2858
664
8332
3283
2240
7381
14121
897
7512
6144
982
11996
5130
5961
8962
14230
13875
5665
10409
10462
9864
13107
5152
12523
14811
7085
6967
3208
112
13229
5100
14327
6694
7230
13766
11021
14096
2019
8824
8197
10856
8418
19
5497
12411
13337
6917
9873
268
10050
9547
9416
5611
10058
6885
10187
4497
3978
7862
10478
13465
50
13487
11386
1757
8018
7565
12789
11279
12412
10722
12100
12624
8944
1112
10965
3638
8386
1968
6363
10975
2174
1930
12140
8248
359
2632
573
9063
2506
7003
1781
12631
5143
4935
542
12257
10029
2586
901
3128
9646
5940
3093
9076
8271
487
8676
8701
10609
5801
11482
8736
7528
5224
10861
4307
1803
4910
7527
10580
7675
13689
2539
3773
5218
326
8761
11354
4515
2269
12173
8681
6473
6146
6949
4327
4919
8149
6665
11627
1346
1379
1560
2661
4420
271
4718
9425
419
7484
753
5920
13492
2518
8175
13784
1526
1225
6130
4107
7150
6917
380
4761
9423
5987
6844
6191
4152
2014
13682
9246
13342
14143
10647
6837
8113
12006
9944
2729
7834
9406
6544
10821
3545
467
12027
3779
7174
7893
7040
9760
9578
405
830
11832
2944
8293
6016
11805
5485
2844
9722
10914
2573
6621
6672
2170
12522
11060
9014
2305
1014
6775
2501
7953
10508
12587
5943
3707
1966
12037
12954
12549
7568
1331
6158
2774
10915
9339
4875
6055
4320
10762
7926
3288
4017
8733
1919
4033
6454
5866
2576
1222
7362
10182
10719
10119
5076
12706
8671
1302
5734
6680
12580
11017
14904
11534
11484
3238
83
5524
3575
536
13386
3518
2195
13410
13519
3914
6543
7696
7982
11916
3426
2611
4356
13249
14512
14946
12814
8905
12509
9977
7362
9937
8779
9835
2390
1762
5431
7843
14438
1800
5354
8402
13617
3150
2018
6790
4684
421
2769
11335
4139
4909
11241
14657
3181
7875
11055
13960
681
2408
11873
4019
4757
14786
9785
8525
10025
1050
1213
8006
12383
13240
11924
8787
9278
78
6606
7676
9022
9378
9984
264
1534
1645
10232
8879
10440
12130
12364
7971
12761
8971
2474
762
11261
3162
2240
11152
6113
6431
4401
4406
12115
10184
35
4015
1189
2964
13734
9660
6242
576
12757
8722
14608
9488
4372
4277
13762
8459
5426
6579
7036
4104
2838
2675
11700
11435
4552
5800
1535
2036
8879
12220
1054
14645
5004
634
6676
12138
9804
12488
13790
4541
5184
6325
13663
7512
10772
10453
3367
6637
5855
4288
511
7156
10759
7077
4621
188
12675
2673
13100
13897
12338
14758
9827
11124
12666
885
11122
532
2971
8312
88
413
2940
13010
7814
1770
7257
10536
8737
7651
12479
12747
12715
14671
7927
2922
2899
12187
4212
8029
4424
4712
8438
10247
4741
5525
65
12261
11702
678
13817
759
7909
9771
12568
3461
690
8914
7609
6337
4317
1227
832
4651
9754
6720
11884
4732
7170
6096
10906
8855
13919
8750
11450
13336
2133
13017
3853
10996
12242
10364
14443
9818
9560
14320
14104
10237
13883
8438
11554
9447
8113
9026
6146
13311
12623
13612
4629
11903
14362
10629
4643
14503
3282
3043
1353
2653
10568
477
13977
3291
11156
5611
8781
14941
6323
1280
1389
4134
379
9531
10461
4048
5146
12455
2139
9404
270
7294
575
3828
1896
1996
8524
14179
1231
10452
1174
8871
8041
6401
8427
3901
14431
14697
10830
10372
6632
461
7115
2521
4324
2496
7554
7860
14958
3454
3661
3204
10229
11861
4832
2115
4056
12501
14704
113
10233
12660
4049
511
6838
3927
11355
3166
77
2052
4100
4138
7923
12414
3901
13821
11057
8073
10901
2300
8744
4826
8279
3833
685
3840
988
6370
9201
8357
11644
6227
13334
5113
11078
3758
11968
6156
1483
10412
13539
6491
12139
9773
14598
5798
6570
3407
3789
5711
1395
10795
5358
4935
6255
14246
9470
8584
4245
12036
6317
10026
2019
10478
6661
11850
7923
6142
3016
12226
14346
6650
3414
1358
13443
8894
1077
11652
665
1339
7262
4881
14258
11290
11377
14907
5586
11212
14631
1642
2632
530
12004
6101
11724
1900
6622
5993
8136
4907
5008
650
14664
13924
12428
5147
11742
7437
14998
12057
5167
1071
8073
7411
4258
11059
7228
11789
4596
1043
5511
10702
12313
1526
6549
9835
927
14566
7079
2793
1961
14907
6239
14065
9185
7341
64
9527
11853
2409
12425
6170
10134
13181
9296
3528
1962
13118
9169
13206
9064
1292
13585
8157
6807
981
12879
4655
5508
11929
13155
13165
8882
11393
11511
2837
10963
227
1432
1431
1826
4202
14471
4060
4744
2728
3799
876
14011
13672
11727
884
2043
12920
7500
8430
13274
14365
1644
3636
9489
8093
3006
14127
3516
11469
803
14013
5942
1324
4356
9475
9403
5224
2676
13613
9873
4524
11810
206
2688
1169
3655
1918
4810
1585
5149
10295
13913
9240
1967
13648
6242
1834
6544
3656
7644
12609
1030
13893
8925
45
3367
936
3
3312
14799
6098
5929
14074
12393
7940
834
373
7640
11192
3853
720
3989
1812
7098
11714
10271
7603
11429
14175
6936
944
6893
13521
13929
1155
5874
10466
8989
6720
5646
3777
13186
9551
14242
5924
6510
8589
8666
11947
880
8185
13368
8583
7410
2244
12410
7379
14977
14758
6760
5159
11678
10215
14394
6369
6390
11802
13907
814
14101
13334
2692
3644
3323
1725
9469
6310
9976
7916
5482
8694
9376
11922
8349
6166
13151
9013
8724
10786
14355
5676
3653
5273
5068
3653
6898
3006
9051
4432
12855
689
380
6164
8344
13183
3531
1807
12031
4578
472
7888
473
9942
3533
12645
8927
10115
8942
2080
2433
14621
9309
5657
14675
5536
2305
12705
7697
6993
4132
4014
5557
13346
12463
5372
5756
3027
14581
8134
5516
10563
6095
7957
8224
9444
8376
446
2900
6819
4177
13416
7529
3565
2826
236
9524
13491
11120
12434
1002
10328
7208
11296
7873
14441
919
14769
445
4013
9698
8694
10555
272
8500
2246
12521
989
7850
3342
12595
251
1023
10643
5450
8696
131
9579
3222
13436
11472
10885
5276
10931
8308
8575
5062
11796
5290
2929
7495
5811
6639
8371
3441
3185
1104
8667
7015
4538
14301
5305
7206
3960
1155
3311
5801
3398
1907
511
13079
5208
7395
11996
1462
7131
675
6819
6349
4935
11847
1501
5925
11979
14008
2634
9415
5818
4906
10217
11103
13211
9161
9143
7193
10748
13798
13801
11689
8119
4056
13572
4070
7362
2828
5765
10817
9126
12515
6417
14332
1666
12914
2331
1231
8164
6434
9113
3565
7184
4502
3090
4745
1138
5878
11455
8817
6806
4286
9238
11089
6504
1917
646
3444
12784
764
4459
3449
13337
6553
10158
2615
4485
14513
9518
10079
6484
5226
12971
10098
10242
9063
8951
8596
14542
10189
11629
12951
14485
8677
3046
9433
9140
9788
8441
2936
6301
14601
4126
1070
8700
4745
12085
9215
11204
14966
4840
12308
7955
412
2660
8877
11319
11578
8991
10893
7678
8705
5727
4360
6014
10654
506
1247
2518
12107
4905
3016
7504
10527
5811
4138
6944
13372
2311
14579
12112
9482
13582
5657
2789
9080
4982
9868
14750
2300
6867
13949
5276
14416
6493
88
12882
6067
8278
10699
603
900
664
2035
6979
1211
7852
14811
1620
2296
3137
8734
14844
5748
6533
287
6027
4964
4604
1609
9621
5619
2183
10491
3460
4487
6026
5284
454
2313
5354
4456
11303
8154
5245
9170
11550
4097
11310
478
13225
3561
7796
3023
873
3930
3482
763
2870
9278
10295
12724
10053
8438
14558
8957
7951
2435
2312
12169
7285
1219
7257
5983
12177
1909
12006
6101
1955
10604
2798
5788
1871
4973
1015
13886
5899
14442
815
12305
8582
3847
7050
3369
7327
11879
4293
4592
6773
8244
4984
8445
2107
929
12804
11860
9987
6980
13351
14681
3449
2721
11303
9756
14268
12592
2159
13291
5268
4731
11541
1525
11928
9299
6198
6239
2989
4074
3805
6729
6376
651
13430
9840
6185
10104
3475
3735
12028
11497
1606
13653
12473
11836
1594
2339
5515
4750
14023
9762
14898
6931
12250
1197
9569
4636
5016
5373
6479
6611
2918
4351
7725
5917
5973
11361
1258
1114
6148
11852
7752
1090
7040
7040
6328
6508
1364
7915
6413
4900
7980
10871
9649
7691
6758
123
13500
1397
3513
2674
9010
3410
14208
7236
7189
4985
9856
13099
14437
12415
11445
5905
9817
11106
3445
796
2611
1931
8997
7271
9407
2912
2026
10748
14471
10873
4513
329
4747
14895
11087
11900
4200
9460
14294
5638
9281
5395
2106
9312
7533
12835
9205
1074
8928
5913
14009
5434
10791
14896
2025
10756
1352
2483
9778
13110
7876
11604
4267
6542
13999
13376
7916
2391
8698
8179
14460
11527
4200
2360
7820
13095
10415
9831
10365
9756
11170
12353
9795
13019
1530
4515
14659
8660
11549
645
13582
11132
10447
3338
1311
9597
8837
12019
3809
14950
5393
4255
8934
3572
5236
12728
14349
2102
1550
10282
13030
5868
5378
14985
1174
6122
10761
14717
689
8920
1446
11164
10151
1285
6088
10876
10463
14013
14025
1667
3792
14461
1331
13853
6689
288
11503
12239
3986
13283
8642
1924
14863
11548
5345
5495
3106
7765
9038
392
339
1239
3958
13423
13341
14817
128
12149
7077
8386
10655
11667
1142
14468
7957
1035
2555
11643
6487
3432
12216
8872
13160
5231
5527
5688
9646
5793
8346
6177
124
783
13561
2806
5241
3755
12663
1854
9474
10586
6255
12276
12759
5670
2846
3565
6659
14261
10197
4588
14352
13046
7344
7469
13867
4503
9146
5324
14794
11136
12712
4316
3844
5680
10613
9697
2446
5462
11611
7895
10413
13535
6466
14715
5189
11288
6847
12040
9125
6238
14535
14149
400
1203
1217
12591
3810
13366
9624
663
12536
13760
6745
10771
13236
3758
13337
11019
6146
5112
11552
2247
10375
8662
13952
7267
6526
12132
10797
5669
6288
14814
1083
14422
8765
11324
13767
7662
1823
6982
14531
8170
4502
7835
6800
11035
11421
12370
5231
8053
1162
5386
14243
5600
10983
6070
262
6255
7589
12041
11316
416
285
6686
6792
7403
9307
8300
6920
10173
7610
9496
6127
5227
1520
14058
5757
5762
581
10837
5940
14348
12951
7050
8431
13875
4269
3624
12718
9290
2612
8886
6729
5910
9790
11864
4417
4247
226
9418
1421
9076
2774
734
9716
2248
1614
6928
4661
8507
12593
8538
3348
5004
2873
14316
4335
13645
1323
5323
10930
5050
10679
6043
8293
13096
2023
5083
11562
11499
10158
2126
12145
8339
760
4183
53
12078
12268
38
9279
8246
3294
11028
3723
2725
1143
12644
10958
10781
4462
5002
9884
11751
2834
8102
14824
7271
13361
12520
9821
5572
12313
4914
3391
9123
297
7664
7122
12089
5415
14908
1935
4898
7537
5962
12421
13473
10308
11738
10410
6788
1078
975
546
808
542
524
8994
930
177
8534
8310
7464
7632
4696
3412
14333
5632
14652
12649
2709
996
13973
8890
1347
1002
11860
2473
11012
632
1345
10136
2181
5473
7360
2526
2996
14488
6750
11067
8495
11824
7483
9627
7054
4253
2591
1677
214
3887
7234
6001
10016
12973
6340
1777
14355
9115
3446
11426
637
9375
3439
100
9322
14630
7105
9782
10857
9983
1983
1836
7648
7826
2735
6959
8193
5789
9830
14838
10621
7389
10935
3287
12795
11667
5443
7010
9113
7252
9487
12665
7472
5017
9657
9823
12772
4087
3116
20
11958
954
13005
13796
4166
4950
1511
4472
1022
11125
4879
13701
14996
8543
12346
6776
12946
3418
4759
1559
5010
13945
5274
3428
6608
8179
11931
9743
14413
10586
13954
3344
8917
10957
12662
11195
14133
3607
130
10437
11026
4680
555
10894
4966
4229
13474
9053
1302
181
8551
1975
902
3474
9546
14446
13979
4350
14757
2377
6208
11651
5076
184
6919
12192
3339
5142
14549
5039
182
2843
10305
6246
9505
8724
5239
3655
3679
4713
1235
1656
7459
8441
6272
12158
1083
13455
12071
4254
8995
11926
164
7045
5207
2338
2167
7333
5308
5345
10715
11831
8013
3101
9258
7459
12455
9798
10781
2418
13705
1213
12412
7668
10485
9243
10194
3997
13255
4376
6869
9576
5699
6335
5880
1575
1373
5142
12034
4691
7264
1041
4013
12192
10155
3131
3833
4233
7194
10889
14323
3647
1915
13638
4241
3889
14417
8007
5308
6098
2594
3726
12247
636
6041
9177
6753
6159
6804
10734
5710
13545
9035
14498
7230
12510
11989
1599
6664
9018
8912
13169
12244
14579
2836
2434
12322
2994
14189
12636
6989
1053
3103
7476
14936
11500
3998
8717
10470
2259
4234
12687
6779
13268
4532
14076
10087
2256
2827
599
7090
3630
4755
4136
1952
1749
3611
6525
6257
10181
6644
3140
10891
11554
1715
5740
12906
6710
6292
1451
10417
11639
387
213
12038
6849
8455
6114
2964
7088
11670
10060
8966
10297
7928
8125
3298
5639
12924
10746
10180
5468
3531
10488
10099
4955
14234
9090
200
1292
4212
7581
6221
11264
7327
14339
6263
5057
5173
8331
8044
6210
13396
4753
9530
8673
8314
10592
981
8047
9681
2750
2031
9821
3648
11700
13013
13658
13437
14773
7123
10693
5956
7083
3511
14029
5894
2692
8863
3604
14184
8227
14864
5177
2680
13982
11500
12458
4242
10820
10983
10696
14017
9115
3186
10864
12065
12777
9073
8871
13860
5733
952
11662
13768
3971
14308
12797
14220
13938
8670
10432
4039
8097
7620
11816
11040
2667
11491
4514
5943
14270
8111
1257
8471
11199
4973
11440
2537
5917
20
6557
5984
724
2464
12485
6391
62
9419
1008
5790
14218
2421
9887
3454
7374
11290
42
12067
2782
2113
4128
7760
10416
3301
10324
4412
5358
1701
3564
9247
4993
8169
8304
4578
14301
6401
6654
6179
6847
11740
9488
14232
10329
13211
8485
1316
11821
14776
3376
12970
9366
9580
14202
1434
12878
1425
11972
780
6276
13990
9080
1199
6265
5727
6413
2322
14392
11979
779
10348
7653
7613
4357
8472
6305
13423
4872
10632
1618
6744
1910
7010
1545
13860
6470
9616
13358
13770
10159
6820
1627
9231
3490
5957
2121
3326
12341
12394
593
4199
3980
4723
10519
9607
156
11821
11365
12380
9193
2662
9509
13725
911
2407
1788
11693
3545
8925
1087
1789
14535
14821
6900
10783
2453
11964
10454
7315
8645
2260
14778
11886
2477
9955
12512
4718
1178
10406
3006
3193
4995
3538
8021
1319
10251
6227
5431
5302
9751
3700
11708
12237
3055
14270
3456
1106
7268
7447
2528
8601
11828
8786
13421
11197
5952
10238
6890
5365
13077
9052
9013
2677
9048
3706
1605
12825
104
10536
5854
10546
6683
7304
6332
8259
8872
1240
12936
3762
5102
14346
6495
9227
9929
4869
2821
10319
6545
13521
5759
357
2970
871
2266
994
8009
5430
3819
11876
4219
13427
13327
9121
3000
967
4979
2553
4430
6640
8293
3696
2197
12683
3456
1400
6026
7431
3142
7335
1433
11989
12699
8028
11515
10040
1364
9495
3880
13458
8673
5088
8405
9997
9856
7375
3257
7284
11029
5529
8585
10183
13998
3163
1430
10451
7284
8239
3088
1745
9255
3417
7696
1729
3899
7042
1032
7765
11448
6714
13861
392
11747
14919
5878
13767
502
14873
9791
3199
10519
2888
4293
5395
8376
8746
11457
12100
9635
12244
4567
14899
5248
2456
11428
6777
13226
4792
4351
8269
13654
3323
13250
5766
4478
7525
761
6124
12692
6839
8985
14298
3317
2486
10137
2117
1314
4910
5673
2443
7325
14105
934
12373
6346
7422
3460
10525
12734
14733
11031
10364
11979
7678
13
4844
9680
9853
5860
12093
9996
9331
9267
2341
14227
10096
7540
6371
11023
3759
546
2933
5298
6823
8048
14574
12461
4315
10624
2862
4919
7792
785
10127
6596
12819
2448
9496
5852
1070
11990
6725
4808
3782
885
11759
5325
12767
5907
13430
385
11083
3601
5898
1759
583
14955
5689
14155
1272
12970
7912
1922
9902
12575
4900
4194
13538
6548
427
4486
1273
13466
2054
3362
12559
13732
14674
14734
8121
4497
14587
8818
986
7274
9914
9506
10620
2310
781
10238
13497
12483
6308
1015
3056
9165
10406
31
9301
11136
3418
3207
977
7697
11565
6487
1552
6218
4178
7385
9748
2674
4770
7237
12604
1436
6773
1062
3718
4172
10379
4945
444
8191
3227
6939
9809
13489
12483
3401
9870
10545
13497
8164
14269
5269
1599
13744
7834
9338
2484
1980
14333
3683
6685
10997
11835
9390
9480
1379
2294
11833
2285
8994
13014
9062
9157
8826
4648
10729
8107
7906
8116
4826
10471
9452
13944
2236
5205
11135
4815
1054
4099
2620
3535
5009
5144
8245
8093
9559
10168
1297
11134
1565
10761
12418
8517
11821
1900
11659
4492
3393
13075
10526
4315
8018
1356
6655
6637
10221
11536
8004
12890
10498
1523
2664
2776
8588
2318
13962
4276
5285
14859
4703
1584
8739
9116
1916
9205
12100
12835
8127
4919
6526
1595
919
13968
9371
488
11621
3024
9494
9818
418
13537
6232
4292
10426
14180
3940
5916
5543
10114
11048
2564
5108
13695
10730
104
2076
5336
3515
12751
6891
857
9067
291
898
7887
9932
9825
11530
10530
596
6261
3654
933
4280
3299
7802
7175
14246
5684
11047
4930
6557
4393
10682
3287
4633
3865
4708
4178
3382
9216
13384
3326
13176
6224
14996
9729
7481
4304
8939
562
13156
6773
7618
4983
13024
3468
5865
3581
13246
1307
4371
7280
7002
2676
11560
1558
12959
13868
6234
8604
149
8558
8639
8002
13639
1246
3625
7540
4604
11518
5962
11194
4042
11021
5955
10723
12541
4019
10789
11904
10693
11350
912
11096
12697
1766
11112
1955
6393
6208
5143
8149
2723
268
14002
11275
3884
11528
1386
9155
9166
14144
9746
7484
11800
10636
12851
954
6168
754
8722
12508
2394
3782
14733
5249
6998
6308
13162
8835
10128
326
4502
14212
11752
9473
7647
82
12419
9772
2662
1529
3327
295
3224
9991
7046
6493
1316
6143
10643
9528
3540
8128
4945
6377
4545
1402
10388
7057
8716
8617
12764
1198
12478
5566
9976
5799
1520
13312
6511
806
6650
9015
11773
2251
766
14461
8741
2410
7058
11034
3180
8958
4603
5085
8019
3729
2093
14445
1116
11530
7681
6216
3337
485
6829
5695
8491
5119
3427
1692
9853
3474
11179
2214
794
10617
3855
3044
11271
9776
3159
4293
12516
14413
11004
4471
8365
10841
4385
6696
12126
4276
11768
10591
1445
10067
14760
10080
14771
14965
1618
436
765
10162
3294
12930
3448
2092
6571
10575
5347
12211
10274
7551
11470
7039
11882
2704
10574
6028
1388
11910
12023
4465
4881
10658
6592
9697
5696
9766
9192
6680
10878
4943
7522
2686
2336
11606
13595
8495
3417
2358
3526
14607
6762
6352
11427
13229
1594
1816
1867
2773
10290
1352
10333
7842
6214
11679
7655
8428
5681
6210
4124
9451
903
3311
3956
329
6195
10444
7964
8416
14158
12799
12279
13642
7599
9557
7234
13751
11254
8441
14222
9607
8113
13291
155
5781
7917
12871
10643
4082
6574
11768
5885
1601
2272
8482
498
728
393
12781
9199
8476
13748
3112
10273
3068
5867
14300
12784
5998
13493
2944
1118
8216
13599
5734
7497
8807
14229
602
13473
4906
12864
14990
12061
14326
2143
3457
9309
12945
12200
1250
7739
7797
5565
13964
960
14541
10932
8574
10192
10792
13933
5100
3897
7447
1752
10191
6472
10755
2016
4612
7980
3608
8801
7156
1610
4977
5562
12459
2517
604
8316
8356
1041
11025
4508
5614
10538
11254
12204
12373
5237
10623
13717
1492
3996
9849
14978
11243
14692
8220
10758
7351
7745
5948
11680
2309
194
14241
10239
12124
7012
13975
11033
13808
3881
5247
14345
3317
11807
2657
6611
11581
7602
3942
9351
9167
3875
1420
9766
8410
11118
4580
3445
6041
9333
427
2863
1824
10723
11434
13685
9392
9476
3406
11302
13164
4452
8554
14752
2146
12996
953
1909
13992
3948
12668
10716
443
9370
6806
3803
9318
2696
13719
1253
14278
3181
14760
2099
1490
2204
12714
9446
611
1432
213
9257
3443
11995
12221
4030
14573
11456
4579
5499
4871
8600
10053
531
14768
13534
5989
1149
13376
235
2580
5969
3750
11540
3886
14349
4116
13149
4937
2116
8573
6145
4629
2063
13761
2890
6593
2425
8645
14214
4052
3545
12865
12894
8106
14124
5105
3376
4433
2856
14874
7077
4296
4609
12753
10286
3265
13844
13292
14537
12805
1062
2218
9584
4128
798
13924
14931
10336
5284
8540
7395
233
14454
2336
10090
3850
14261
12191
5302
12955
2560
3652
5226
2733
2868
7737
12335
10616
8532
4506
5715
4478
8038
10629
1194
12990
4697
7817
1365
10517
984
1551
493
1702
1386
11356
8273
5993
8911
3298
9081
4169
11014
497
6287
4545
7320
1298
14077
7982
11607
13353
1132
13125
13080
9638
630
7852
12920
9078
6034
12664
8960
4448
9446
13756
13462
3264
445
9263
2079
13609
8247
13017
12076
7116
14973
14064
543
7145
6429
8221
14644
2975
3734
201
1166
13591
3796
2662
1935
6397
12732
6
14262
9091
2038
10329
9186
9392
9917
2350
3727
3718
8043
12257
7681
5338
4650
5767
6306
6915
5677
9851
14130
1418
10445
4638
7385
8747
13772
11259
14312
840
11057
14186
8517
12390
11457
1870
9377
13056
3933
1334
3592
14306
3068
11604
14743
9969
6871
9233
9754
310
10041
4668
13791
12362
9835
350
830
13147
1940
3596
504
4963
397
12065
2046
13217
2613
6719
12404
6009
5307
8176
329
1404
8172
4914
11886
10212
10269
272
5653
4564
9779
6795
8060
11144
13533
9891
6084
11303
13268
2237
12269
6996
2834
5607
1993
11953
8014
8818
1932
11612
10981
10478
7188
14158
11953
884
6981
10184
267
1496
4493
2195
11261
12744
4349
9319
1136
8498
4064
3526
12708
9219
9057
2729
11112
1640
9615
14180
561
12403
5813
10227
12541
6787
6431
6484
8263
1636
14748
14387
3158
13481
881
5495
318
4706
12229
12632
776
9334
13368
3395
6020
13306
10034
3359
5098
8410
12307
8490
13528
4698
2523
4036
13113
10739
9014
13094
4121
7653
5314
1487
12471
4856
2707
2163
10675
8523
7463
8596
3895
4208
302
12336
6993
7279
12646
6600
7296
10939
7450
2948
8033
2298
11544
14045
2999
12744
11588
8727
8168
4696
13664
12375
4451
2484
10169
8059
2887
5860
11199
9691
11034
9543
3938
8515
11946
12958
12736
12302
10296
9757
10006
8515
8822
8707
14099
12618
4315
4725
8476
4233
3208
8756
1027
10436
5122
10397
9442
11873
8334
9345
9804
1949
8414
6584
7866
5475
10110
7670
12836
9841
3544
1904
10030
4305
10750
14821
11025
6823
13390
7939
10564
4686
9188
3718
4208
12458
12532
4491
3692
14582
7982
8763
12621
2180
14744
6953
10389
6953
152
11900
8048
9794
393
5379
8943
1792
4710
5668
1264
13933
5629
5400
981
14328
3557
4295
8274
8918
7881
5444
10349
10075
412
2793
2287
13286
1812
9223
3774
4725
10460
12138
5476
5203
14206
11733
14087
13600
5064
2772
7760
4421
5143
9607
7186
3957
11424
10272
11047
3931
6809
8276
747
13571
1873
8054
1286
5953
5473
11289
4065
4306
7728
3937
814
12471
9973
14424
5935
5702
8518
9072
10358
11465
6191
3758
11754
13798
1235
98
5062
2396
990
3580
7895
13868
1543
10130
3585
7632
6011
10686
8310
13125
11015
4767
5478
7397
8590
1921
6729
13387
12660
410
7963
5498
6998
5415
1568
8706
1756
12292
2358
1763
6822
3070
5657
13124
1557
13130
5051
7594
514
4809
85
14650
6975
6420
10666
10468
4365
10964
12719
7530
14378
14441
3841
14754
12340
8101
4666
4941
1715
4414
8131
3964
11428
1207
10701
3076
2914
7846
10449
4381
1272
8041
2321
10182
12607
4828
2539
7707
11063
13399
2005
12233
4091
2530
14104
83
8871
9663
2965
2113
14192
11958
4176
2997
11929
8792
2818
14164
10894
686
11217
9965
6585
14334
7193
10209
8917
11591
4578
421
3175
14991
748
9413
11985
5326
6728
5801
2117
8233
5507
1320
13199
11541
9907
11605
4400
3631
12085
7210
11951
13375
14536
5987
8407
4601
3187
1056
10543
2567
6257
8840
5591
14543
689
9285
9827
12940
6865
2641
8140
5688
1286
676
3833
8234
1423
10260
7459
10648
8490
12308
14470
2479
14807
10352
12498
6568
8886
12022
3610
1711
10933
66
8712
6362
7807
9661
6859
9555
7914
10647
3763
12594
11832
11246
8321
14215
8909
4634
9305
11150
2864
8908
9577
7251
2101
7076
14424
10809
4819
6343
4773
10459
12652
9290
1704
13094
13486
4043
4373
13622
3683
8628
4448
10987
9481
12959
2269
13742
11560
7353
12082
14100
10933
9658
2679
11435
3211
9618
5336
14762
7909
11040
2707
7263
4117
12208
7604
5079
3484
2457
11114
406
10250
11243
29
10450
3074
2377
331
14527
1527
4794
1304
1656
10741
5715
3007
14426
7460
8498
12561
852
6679
10416
3251
9356
14254
1396
10327
11721
12156
6046
10981
360
14223
13842
1167
12332
8110
9577
10886
8034
3981
175
9396
11288
8577
10410
7099
1307
5637
4066
14687
12162
1347
7144
7187
13485
9191
12806
2841
663
14992
741
3301
9373
6680
4289
12617
8878
8232
10392
13509
161
3790
7734
8139
5649
6033
12834
6007
12438
8391
1280
8189
12760
10881
613
11256
3136
7316
13298
3081
2529
11588
11059
7077
10759
5149
11376
484
6424
7518
6261
8602
1213
12077
1903
14415
14741
14467
439
4665
8780
13705
11828
7003
13928
14024
8679
10847
293
1644
3779
7671
14046
7191
3810
8617
1486
6563
10006
4618
3208
10516
3190
1177
11463
2924
6431
9923
1875
9714
12005
7769
9939
10843
5729
14822
8903
12109
10398
4177
3705
6188
4424
13677
12206
6632
4147
3252
2182
12533
12339
170
5465
14263
2707
13024
14678
5976
5318
14913
2552
4968
2008
3791
4695
1264
6604
8466
7845
13050
11123
2795
7305
11494
14335
10671
2156
10173
7023
10215
1614
3513
13709
11626
886
3498
7277
3680
1344
9142
2980
8085
12386
14062
8745
10229
12056
14992
7563
8048
12664
465
10208
12620
3765
9000
11987
1082
2172
10249
5219
7999
13065
288
12760
13639
4730
6876
1681
11708
7837
6845
5489
2125
12764
387
1149
10998
1278
9132
8068
10821
2445
14242
9943
6112
13842
3738
7649
2824
5127
11811
386
10584
10782
6079
7639
13120
10913
14883
12256
12461
11847
301
12363
1341
11963
4330
14896
133
3677
2016
8665
12854
11790
14234
848
10982
1900
11699
7764
10819
1736
8647
9218
12825
11198
14298
1066
9960
13807
9620
10595
3277
8476
311
4683
13095
14283
4799
9099
4792
12171
4699
2067
10033
7027
8725
10643
10953
14834
914
1285
6040
14021
14761
2097
4218
11189
6315
2288
11429
10277
4283
10957
13301
11489
10974
7837
10149
3599
3970
8766
5842
4396
10854
1135
1441
10032
7039
306
8399
7163
2293
9486
9398
13971
13168
11467
12905
6181
10917
9587
7249
12602
8192
5581
810
5294
7933
6691
5472
2566
8688
119
3937
2001
4397
9469
8484
8434
1726
7992
10300
6702
9576
2125
10603
11605
4578
2688
6246
10990
2302
14685
5740
5489
13463
11297
6717
14101
13135
6668
14696
14887
13543
8581
11951
12653
11563
11502
1529
9379
825
7573
10302
7318
1370
8156
1018
10700
2218
2963
12762
13876
6494
13046
3262
4430
7315
4675
818
14610
12893
12492
9650
13761
7383
3031
11190
8543
11268
8003
13611
6377
13952
3044
8288
13349
2390
3993
360
12920
11689
14222
488
12769
4112
2163
2287
9888
62
11960
14440
11992
13615
5166
6733
421
5631
5553
687
1959
11727
4474
7853
14174
11019
4721
13868
6944
5730
1526
8652
3869
10879
228
5383
14358
11664
1489
1533
4043
10839
3953
14227
10070
13402
11404
5019
2797
13005
14417
13022
14501
7928
2662
2529
160
11338
10883
914
3611
8245
1941
781
4851
9203
4581
9152
12059
73
11168
9634
4176
14125
4505
8646
14165
11135
594
6751
9940
8127
6119
4046
13210
13626
8117
14214
1005
11695
11482
138
2905
12726
14729
2819
12004
5136
14036
8541
6955
3711
4104
13174
11517
10722
1919
9940
5850
5615
6136
2259
11700
13359
8646
10112
783
5351
10918
7299
2168
3806
12138
12266
8980
7665
4927
2185
972
3691
3887
11979
9945
6894
8984
12165
9581
8723
553
1639
10072
3119
8425
14206
3536
4429
6777
263
3056
12145
512
3768
14378
6479
8122
13251
1768
3007
2649
8372
2922
6735
12794
11568
11897
10574
7917
2963
14173
411
7138
1231
3733
12301
400
8115
10414
10883
7790
6483
1586
9062
422
1719
2972
9016
3261
11978
4836
3969
6710
13784
13478
14347
5280
3695
2362
8225
8436
13486
4366
10781
8422
1101
3014
1971
1379
580
6422
13974
7219
12422
9037
9369
6238
5499
14567
1907
4138
7235
8675
6077
10884
11881
12610
112
6353
5909
6868
589
6430
5617
11465
7731
10697
2247
14795
660
4997
7437
174
14515
4931
11660
4163
1001
12967
248
1284
4963
9814
10242
1576
7003
9115
4850
2635
12431
14
3102
6155
4511
14570
3246
6687
2244
9411
1430
3708
10878
11232
11560
12978
14356
7493
1442
7662
11508
3764
8376
70
14037
13364
7288
141
12308
10653
4204
857
12370
2448
7394
12158
14887
3635
751
8125
10998
8321
9997
14641
958
13512
4403
12850
518
6036
10387
3763
13618
3352
14427
5031
8886
3341
12899
10258
3088
8725
1338
13841
5253
2448
12908
14146
895
12143
7815
8399
11562
13397
9294
3502
3942
4611
378
8266
2296
3046
13851
4306
12327
9222
13944
10861
7237
6030
13378
12893
3978
333
9017
5392
10846
4787
5136
3418
4534
1998
931
12510
5087
3842
965
7867
12171
5315
6347
10652
4163
12022
523
657
7668
224
8259
802
7252
13740
8419
12223
14195
7840
941
5189
5236
14350
12669
6918
12202
8066
13452
3734
3833
4584
5183
14767
131
7230
11189
1665
7024
10870
14916
10282
125
11839
12660
7944
1941
533
6709
3686
123
5172
5666
14673
9025
4624
8871
6614
14662
7400
4014
10735
6578
11412
9158
4919
6320
13342
7607
12072
14210
287
9946
5787
4381
3068
14298
13711
3894
3739
6826
14872
12268
14768
5834
11210
5493
38
3188
13421
12953
14967
5423
9617
9691
12454
13602
7623
9008
11547
2774
1075
2198
7580
10925
9927
4207
6905
934
2641
6760
7942
5833
8235
5887
4075
579
5243
11691
8544
147
9433
10241
11298
5420
10811
2479
2840
1790
10286
10847
10036
6103
6642
6682
5103
9408
8259
11115
10719
4281
12959
1617
7037
6319
4703
7660
7486
4224
5560
6164
11446
14116
6713
11970
12729
2852
215
2305
7399
14794
4433
6341
10071
11813
5499
1847
14285
2070
7481
1463
5797
5825
4599
2039
2324
4773
4975
986
3568
8655
6383
12049
6258
6236
11278
13602
4843
7131
1320
12883
4385
11178
13363
2749
13579
12148
13936
10709
9886
9166
9977
7986
4902
9146
939
3808
921
4136
5051
14317
356
11083
13606
11174
584
12122
1809
4837
14156
5081
5363
839
6093
12293
12600
9356
6102
8228
4539
10803
14501
6813
5476
3457
6455
6046
3163
2645
5690
6090
11845
5612
5239
10187
14609
2019
6169
3233
14705
8987
2356
8360
3901
5002
2857
10899
10539
2031
11312
4570
11920
6363
10711
11796
3054
348
9373
6305
3726
3415
4052
7841
9985
12205
6076
10014
8144
8347
13792
1960
7904
9613
7305
13737
2387
5816
9114
11377
8167
12376
12288
14231
6151
3504
9146
8465
13913
9364
14015
8866
612
6828
9179
12278
14510
8844
3266
4946
1010
3113
10555
1957
4836
12052
8773
12208
5649
6711
7719
7289
11992
7520
7017
10465
105
11925
3526
386
3063
14597
5675
1713
1650
7206
13951
4224
6258
13168
12439
1510
12594
1562
14991
7357
5416
3396
1719
10316
10036
10096
13559
3955
10489
7921
1044
6263
10643
5707
5873
8914
8963
5905
8476
12834
3456
8247
14409
8395
3883
12152
6976
8756
10214
6187
13129
10785
3288
459
6112
453
11064
14365
4387
1072
11038
8726
9078
8598
13979
10015
14366
1357
11044
2570
13614
4380
9192
14671
9800
8660
8014
9423
14447
699
4047
509
12807
8393
14003
4738
13242
7260
3304
8708
1680
1568
7042
14524
7310
1447
5436
755
11555
12544
14842
6223
10666
12548
5059
6137
9233
2774
6198
14275
8743
11329
8519
7851
7445
12748
3347
11362
764
13519
7765
13028
14968
11878
11158
2450
13613
4482
9170
9802
7448
5226
7061
7017
1636
8817
12645
6077
5366
7519
12844
4330
819
750
5508
5134
11164
14795
10961
2594
2655
8043
2967
11896
13774
11668
8562
14903
2954
11271
1120
11685
5423
11430
9432
11667
7137
9168
11678
9278
9694
2241
8684
1557
12954
2805
8948
5272
8541
10172
11811
9459
12553
2828
942
8426
4033
7078
1705
10682
81
5704
4571
2191
12424
2802
9381
14280
1256
3017
7115
2895
5054
14457
5771
5519
12018
4486
11650
14156
8618
5817
6810
5789
13271
3984
9612
1765
13543
14351
11879
89
13359
13384
1772
12124
7296
8232
7742
3220
11713
4153
3707
702
11069
6096
10278
5252
5010
3243
4170
11406
7422
4870
3410
3833
3238
2457
13100
2823
4385
9431
1084
12406
12307
2153
14276
2556
8128
4433
682
2617
12835
8360
11710
5725
2934
4849
2441
8961
6235
12317
9490
1929
4162
4696
6865
14370
11352
1204
13270
14417
4878
2087
5779
3850
6758
6786
10727
14240
259
7817
12015
4627
4725
9619
7370
12769
311
12153
735
6148
4716
14275
11073
1882
1496
8762
11160
9617
11432
7683
13273
6069
9246
2633
5056
12802
8806
9430
7378
1160
13234
9751
5002
10711
12741
10861
5157
2278
13690
4764
13074
5169
8042
8291
6525
10378
12886
1761
10276
14033
6110
12495
3000
10399
7050
11547
3160
12734
5280
6922
1440
13600
3606
10639
3181
4829
8171
12318
14081
14232
11858
13543
11457
4801
6620
4687
9789
2921
7419
93
9458
4163
4050
6203
1219
8478
1399
582
6450
13566
1048
7780
14868
14654
7644
412
3839
4640
9267
3679
13658
7233
6457
11479
7443
735
5577
8163
4283
3923
3387
3903
2080
2292
12474
3528
12286
13518
10041
9651
3175
10524
4635
159
763
2684
26
13354
11839
8669
7657
7690
10467
10205
13940
1601
3576
9226
6105
7595
14139
6118
9190
7160
12337
1849
3562
6300
9082
2612
3995
3002
5196
7720
5416
5005
2046
8959
2633
9933
10368
14673
13332
2490
1106
7383
2666
6019
10446
2686
3834
922
3802
13475
14638
8570
8602
13327
4596
14109
6246
14789
12078
5389
13655
9284
13179
9674
2602
14190
12092
279
6127
13276
11834
9413
10097
714
2106
6290
7865
9487
3041
12886
11332
8613
11887
5049
984
6473
1361
9438
14454
13668
5038
14854
3116
25
9270
43
2824
8766
1447
767
109
11782
8447
14795
14618
12823
14360
4080
7107
14036
14442
1676
6458
7393
11456
3151
13610
1305
9364
11149
4150
2693
5912
9750
5346
10298
3754
12582
1865
1322
1180
422
7056
11154
8281
2534
14810
10628
12746
4384
1672
2389
3644
76
8176
13483
9351
5890
1539
11621
10955
10261
2142
9340
11684
13048
7941
94
11214
13795
12135
9037
6518
3877
14494
13914
13593
2434
11442
2866
3347
5156
2299
6664
162
13747
2483
7403
1760
3736
3716
14428
1890
878
13348
1413
12133
533
4989
3099
4448
2495
4179
8516
13747
1179
8771
6345
8871
4129
4500
673
14969
14811
11464
3596
11974
12226
2681
7193
7010
11587
9479
14029
9932
8587
9734
6573
11720
7362
733
7770
773
4773
3432
13064
4166
1417
3304
2903
400
5043
3194
12421
7725
9901
8189
3241
2662
14572
10796
8925
978
9619
6411
2391
11826
7230
8615
9158
11935
8592
14116
6098
1623
5399
2091
1231
13691
2686
3950
14106
10587
1719
14691
7933
13172
11144
8441
9391
9484
10649
11706
8149
9058
2456
1813
10846
5109
2852
4622
1803
12628
7588
8697
6118
12980
7473
1689
8350
11733
4066
254
4743
345
14420
9333
10734
11525
13048
1958
4886
11653
5351
12765
11897
14013
10898
10412
5269
7146
2769
11744
9135
14237
5242
1073
5637
3247
9116
810
8906
4053
11366
11424
7791
7289
6454
5785
4125
14912
6472
6827
5769
5346
770
6795
110
10534
3274
7981
10359
1620
12483
1034
2775
4185
8127
9070
5250
5949
10202
4287
1483
2353
8062
7738
2709
10752
4939
11188
2388
13634
6716
10206
328
578
1828
10429
5723
6011
13836
14494
3550
12191
13897
953
10958
4247
10918
6775
11426
9268
13493
4793
4890
6305
7783
13910
10461
10727
9716
10386
8981
10158
4488
11646
8968
8547
11123
9990
9847
13549
6044
13848
4112
3792
2544
4480
3053
8316
14840
4596
7732
14504
7686
11830
8573
14855
7651
6362
13141
463
9132
9651
6823
6573
12691
13610
1359
12326
729
11916
12886
666
7049
10786
9545
5699
1215
9321
5111
14554
9128
2558
8458
1144
14121
9089
13257
13093
10786
3839
11442
4197
10825
8298
11395
9245
5250
8384
5012
1882
12925
9981
7391
13722
7006
154
6288
9921
2185
14642
11089
4743
8412
6143
10427
5151
14299
770
8450
8450
2719
12022
5365
2975
10572
4217
6437
5370
13018
12222
13615
2856
7584
10708
192
13149
10787
10811
14668
10668
7629
9248
9627
14537
10354
13186
10812
6451
5866
14803
10703
4286
13877
3975
4642
13130
392
5423
1807
9062
4397
10855
5554
8490
1706
4309
7421
10808
14853
5297
12749
13639
4103
13563
9623
10544
5282
390
14752
1062
11174
9511
10801
2431
2128
11317
14248
12970
14456
13339
6353
176
6702
11376
6988
12975
10905
13493
10194
4001
7877
607
6802
13300
1787
1803
13199
9878
4943
218
12238
424
7301
9562
5146
3953
11120
577
10743
7780
5206
10606
3734
9345
10247
5570
6489
9263
9344
12033
7469
14394
6456
11784
12314
9226
4803
10563
8449
121
13259
12898
4030
2426
13914
2271
363
14926
3237
1417
11383
7041
8377
10500
14225
2377
2511
9136
3883
2390
932
5443
11186
4018
11460
13040
7678
2121
12822
5074
7826
6841
127
1570
5736
13312
12005
7021
4249
7473
3603
2445
12055
12644
14013
3043
12764
10658
3492
9856
1119
2290
5810
3431
13905
11688
14013
13988
6998
9413
12137
7898
11245
6144
3633
5682
75
1962
2216
3227
5572
4192
2788
5108
1510
9296
6426
1815
4309
1278
8849
4714
13410
6082
2933
5319
8118
3277
10080
13288
12351
10345
9462
3975
5324
7193
6722
84
534
10817
13408
12407
9484
4200
13317
1290
3173
7203
6173
5833
14024
8468
8540
7706
1386
9223
9293
12025
6317
4783
390
10633
11727
2421
8718
7354
7922
3354
1835
14424
13244
12376
13536
6899
9200
10484
2397
11146
4697
6916
7910
10083
11757
5534
12375
12115
1683
2821
1185
5033
2852
5261
14122
13237
11058
11745
5698
4484
2961
14957
12873
13018
14132
2288
8361
4047
12132
8782
9074
9759
3794
10257
928
8614
1548
286
3769
1970
6322
2153
10177
9870
10011
14320
3991
1306
1286
5178
6926
5825
9144
965
4272
3562
8840
1352
712
13386
9373
4870
11221
14268
7413
3377
1084
2506
13335
3862
1269
2570
8404
2244
2822
5757
367
6524
12911
11720
2091
14704
13603
14143
5147
14324
12236
5204
4853
6265
2169
11348
9220
859
14873
7407
6856
720
14072
13899
5939
3286
314
4409
8380
5141
10321
8659
9625
10862
3521
14901
2304
12382
1855
968
9813
9498
3597
2779
3323
14982
705
10177
8088
12992
8453
12284
14643
266
8048
9707
5010
12690
13200
4898
3977
2362
12174
4965
6932
5876
12322
4381
8040
10395
9577
12650
1049
9633
1179
4742
2831
6652
13063
3889
5873
3413
8140
7205
4723
3150
4573
342
5565
6993
13802
2077
6051
10137
9902
7153
13872
4512
8960
8580
914
7317
12573
13870
9208
14890
7207
1502
8243
5722
7504
4247
5475
11103
9081
12733
3544
5177
2424
4006
9107
6428
8363
10190
4349
8508
14756
789
12989
7258
14820
9619
13240
7609
1254
1865
12076
12571
5377
14772
5272
14881
10522
8620
4987
1085
2695
3684
5372
11758
7517
3510
6776
4174
4066
1753
8340
7201
5147
2100
798
6664
8965
1077
6923
8438
7108
9698
5664
10649
11918
14526
7948
744
13256
12749
5545
330
12769
14055
599
6769
5262
8406
10207
14166
4603
8928
10097
11578
7732
6911
12487
10416
6707
8344
3346
2107
10006
14768
1202
11294
4114
8823
13310
10132
13229
7131
256
5791
6002
2858
5044
8659
13030
3397
11884
11123
12086
8677
3873
7569
9676
7438
8487
4389
1566
11457
3950
10825
10794
3251
10419
8549
3712
7238
3212
10547
5050
7670
7942
10509
2436
6918
1452
13013
9133
924
13762
409
3704
12903
6686
1121
5056
8530
2219
3261
14752
10571
8330
5844
12957
3151
13512
10686
1455
4762
9088
5901
4698
4493
7844
1246
1444
13192
851
6198
14346
2508
3003
6693
12321
5654
9019
2275
9761
6574
11157
7892
5422
1036
4519
14198
1429
14543
7762
3768
7243
4693
9268
1173
977
4681
5063
8801
9595
9653
2499
3882
11129
13913
3240
841
399
13709
8781
11389
14516
9195
7834
6829
8682
13743
1888
11080
10062
1456
10633
12583
11909
5829
4851
194
2981
8484
3572
5283
3976
8764
10365
689
9608
5047
12217
11860
9138
9726
8772
12069
11216
11781
6070
11464
3381
9713
2598
5741
9774
11206
4690
12383
12983
9528
6867
14364
1194
1947
8405
8798
840
14555
12870
5403
2404
8804
13148
11444
5815
4754
6587
11763
5002
2062
862
7423
10950
11287
12824
5438
8262
6545
10682
5400
1283
3926
4760
14857
11842
7514
874
8618
7840
1849
11291
12767
887
2972
3257
2768
4497
87
11375
3704
10008
12491
838
11174
8904
3096
10840
7798
9858
1822
7060
8077
10245
10205
87
2726
11468
8503
13843
5110
10380
10741
4949
5667
12475
6359
13270
10190
4195
6537
4952
4921
4948
9181
2154
2850
5301
13167
2375
11708
6823
10803
710
7577
13350
12486
8649
3250
11600
11280
14663
9447
4666
2256
7728
10345
2042
6372
249
619
12234
2647
476
444
3006
2072
701
9071
4689
4387
3770
4541
7950
13565
9101
6727
2474
10798
11742
4023
10545
12595
10202
1955
4192
3182
6067
5044
13482
6459
13003
6290
8562
13596
2656
13409
3770
849
2695
11465
13725
5612
6560
12378
3171
12419
5642
6606
6457
3286
4155
8988
8020
11760
5653
7778
5805
10037
2976
6740
8451
14378
2019
5547
2013
13990
12699
2909
14520
5014
44
6236
9878
4656
11119
11093
13756
1021
12332
1796
13725
7671
13355
7302
1129
3490
12703
4809
8015
2102
12949
14219
12291
6675
13464
1499
6570
13094
9737
2881
10338
10548
2791
4859
6324
6422
7770
4159
5266
8864
12301
11797
8348
13553
13707
9548
1981
14710
13443
13308
6252
1662
9490
12885
1306
13357
13581
10306
2903
6959
710
14097
9358
96
3412
6450
5004
9645
14433
7699
1347
12140
1903
261
10875
985
6494
4325
1232
14178
7829
1934
11115
3117
6798
802
11509
880
12442
184
10637
7596
13
9085
9934
4545
1708
7605
10855
13014
7486
1235
14093
10640
2379
5661
4955
2828
12001
14920
5744
4749
14027
8119
5882
14959
6679
10893
3261
9355
11626
1098
2118
7946
8394
2463
7569
1659
10694
13511
10372
2613
13885
5496
10820
13700
9657
7155
7625
13930
4395
9218
11221
1926
3641
10448
5256
482
1201
12995
2696
13989
6712
4431
549
139
236
13780
6031
12604
8829
3001
2576
7833
2151
3724
12349
10078
5887
221
5700
14154
4567
5474
4669
14843
6858
50
3256
5772
4970
3458
8370
14306
13577
1144
11435
6066
4868
1974
3003
6844
13976
1486
916
14427
2644
11233
2649
11195
6115
8919
4510
7517
12067
1231
5662
1858
12578
14659
13013
6773
6072
13980
13791
6571
14238
12562
2979
5794
9523
3580
586
9618
218
11657
5440
3261
3547
5687
11077
1073
826
8705
6387
2400
5157
1553
2604
4660
3326
6297
7234
2014
2225
13052
7282
2920
12014
8034
6748
10220
9867
7361
5513
12517
4198
1011
4461
13633
3397
8770
4160
7117
8825
14334
925
11694
4630
9522
762
1924
12618
6825
10075
1511
1343
7223
4626
3183
1471
5176
6780
7981
13624
14184
1899
5611
11250
666
12454
7364
9188
3676
8424
6422
2437
8551
7415
7013
5866
8239
5228
11407
6096
954
10381
3737
401
13476
9445
12370
6788
13110
3430
8367
8182
584
12209
1005
387
9488
4306
4452
14023
5722
5509
11849
3186
430
2763
6306
2544
13978
205
11517
5964
1400
6402
5139
5189
7466
10907
3665
3374
7125
13626
1219
4632
7825
7765
12892
11175
11969
3899
14507
11544
4351
13402
5774
3382
14091
8492
2819
9122
1046
6537
14121
14483
6458
10287
377
11552
9046
6577
2067
1950
3218
443
8060
6992
7410
476
14267
7739
5796
3261
2013
3420
12051
1453
3472
7839
448
12496
13432
5677
14334
8898
3743
14723
5123
3912
2238
2429
6642
4329
6190
9606
4416
6847
9615
8966
5960
9862
13617
5569
1546
10149
9840
12983
8278
14319
7346
440
11233
2234
1184
2931
8977
6003
11979
10867
11582
12811
9052
14611
990
310
4210
2947
2737
7668
14030
4080
214
6804
1237
1250
14607
9966
6757
12452
13955
9563
5127
2408
11617
13287
12592
9890
7093
11361
7994
3299
5933
10367
11426
14313
13168
10640
8047
7908
7102
7654
2039
9715
4956
11884
6784
6686
14331
7802
2383
14004
3743
2034
14715
6621
11167
1254
11483
9935
5970
4574
2657
12756
12261
6803
14608
2289
4814
1415
10187
5704
10592
9918
3609
5618
3384
9018
14073
9961
8791
12727
4985
12408
6790
11029
1674
9185
9987
10538
9583
3060
12923
12579
12854
4350
11138
14959
14437
109
4142
7694
12268
8461
2681
1083
9684
7225
34
13247
1667
3584
9334
14957
150
7633
13983
14427
8599
13417
3735
11110
1462
6303
2673
4851
12429
631
4025
9858
7731
5347
3663
6384
5010
11409
3576
8673
6133
103
11125
10056
4726
9695
14078
13078
14543
5965
1885
14017
141
11573
12250
11796
13082
1161
7889
12691
9497
4184
7927
2375
11662
425
7190
5862
5437
4387
4801
3724
10069
5879
382
3923
10043
1956
610
311
13645
10107
11950
9312
4590
11220
14340
11317
13962
11081
11225
6464
12298
1888
6862
8415
12461
3582
5587
5520
10423
10395
8293
3893
2533
1623
5516
3034
1779
5380
8130
7068
4557
9114
7812
8724
6051
11752
3915
5756
8310
3872
7449
3903
625
2262
7305
5785
5672
1585
14772
12326
11559
8860
13048
14365
8881
12909
9008
8819
11265
6836
6058
11559
7603
4298
1954
10918
5435
8164
4956
10507
11809
2755
13838
4201
5673
7677
9344
9652
75
12294
13258
5274
1528
3944
10055
11977
7283
6606
2886
13551
1430
14601
7072
10124
642
895
11215
1715
14645
14393
13064
9265
14060
831
8487
7199
8945
4500
6324
9267
7671
12629
14556
11766
11194
13044
6530
13323
13792
8654
13929
12094
12901
5475
12907
14242
10551
1092
3024
10079
3050
8053
4272
1738
1342
5123
5429
13328
8597
417
12035
5137
10520
1542
3971
9386
4398
3105
5279
12265
13340
3200
10457
12598
1967
12619
7496
11723
11336
3773
12093
5784
6432
14826
8238
1126
3965
14314
2103
13438
9789
6790
4424
10178
10594
979
8004
677
8427
13591
9081
12500
2998
2239
12011
6754
5952
11413
6127
11611
9034
6167
4082
222
12212
11750
12154
5388
4950
6862
4632
12866
13141
10527
12099
14162
6002
5587
13699
794
5605
3250
13067
5086
8254
9666
4916
12654
6520
148
10443
14370
12598
10757
637
3245
4967
4944
10423
1285
14194
8342
2102
240
13490
14260
5214
7894
4664
11519
2696
9357
11396
13093
10256
2180
5837
5912
9661
4288
11158
13017
11343
3289
14225
6264
11255
4538
4673
2197
8724
11055
3970
10023
13694
6683
14680
10613
381
5460
7991
13796
2864
7792
4897
9103
13982
12463
831
3354
10921
13669
11456
2217
7176
8694
264
13451
735
7
6753
14354
680
6504
5965
13862
6334
1436
4148
14804
8347
6053
13408
1964
5709
12518
10682
13335
12303
8093
4423
11451
1802
1145
8765
14309
4970
11474
3170
2831
9338
11639
8026
10276
7050
2986
8450
14295
11929
7544
11093
9475
3654
14377
2708
6025
7783
6554
10704
12009
12964
1583
7543
11318
9756
5198
3412
5934
12876
9850
9085
4883
14624
12349
1377
1151
10386
9372
10958
2974
11398
13141
13691
2230
8876
439
3232
6509
14843
14445
2573
2010
2719
12452
10142
8694
4726
2495
7330
10725
8851
13694
4121
3547
6371
846
3218
10579
14310
1695
12232
4842
14551
1904
4505
1943
14307
82
5820
10440
14230
6758
12974
771
7853
10875
4210
14402
8870
14222
6209
6654
8494
4876
2485
10001
12811
12021
5651
12130
4260
5179
4177
3836
9661
9126
4469
14534
12771
5802
10988
8645
12475
5017
11924
8480
6090
12685
775
5934
14968
1166
13863
10464
6852
3041
14252
12751
1578
4829
13769
8667
2203
1497
12212
14286
9465
2191
1054
200
4164
2468
9642
3812
350
9860
13195
5048
8226
13289
5577
13219
2742
135
5033
3542
12549
14139
12411
10342
2024
13277
13083
6862
14483
12854
13415
8612
14361
11929
8100
4891
12566
7801
10351
160
10203
14208
9369
11776
2729
3005
2273
3303
13721
13760
14001
8081
11361
14743
1564
13284
10622
3804
3468
721
3164
921
14940
683
11688
6224
3537
11014
13839
7307
9166
8009
10434
4337
13266
9852
13300
4808
2270
1705
9827
8505
843
6107
14624
5357
11808
8849
1624
603
739
2324
12730
11085
12714
3410
11971
5367
3164
5446
4929
13637
5216
1265
14653
4376
3535
10098
7123
7759
9509
303
10345
12253
3565
10155
10866
9156
8921
2895
8653
12825
3633
824
12
3951
4366
5500
4907
13954
9472
12226
5997
3267
2790
10256
10848
3911
14186
1011
12813
196
8452
13015
9635
14008
9359
8120
8439
4416
11372
8695
12286
3073
3401
3039
3564
14718
7501
12528
8831
12530
11623
6492
14049
8642
4927
12936
8780
5458
3868
3193
274
8136
2011
2919
13896
11021
10561
7235
5562
13836
5720
6945
5754
2776
12028
6096
13683
11115
12347
7177
50
8329
2653
505
254
10181
12746
689
529
10819
9977
5847
3349
13839
5414
5835
9700
1703
4359
13851
1972
4009
6967
7379
7312
2573
8592
3237
7748
1931
699
1867
6341
441
11521
10942
11724
3212
7668
4401
1253
10398
9536
10215
10974
3536
290
3426
14337
9378
4905
7998
12299
3430
1639
5826
8119
3682
6617
8317
5508
1174
8275
10442
5636
6167
4078
793
11893
5077
5764
8687
6881
948
7532
3629
2366
2528
6913
12198
2162
2936
12894
13399
7422
9727
9411
8959
7932
1403
11046
5412
5439
9294
707
7814
13076
3779
7772
7061
11136
14503
3653
6349
5173
12979
3415
5546
9675
12051
10086
7540
2263
2755
5929
13403
3777
769
4790
3535
4378
11112
13184
5607
4366
11588
5011
5170
1638
18
14100
280
3775
8631
4553
1238
5906
5628
4695
5245
10215
13332
7984
10522
10455
7813
456
2004
5217
7195
13557
14646
4097
7935
7683
6471
8797
4440
8250
9672
3181
12112
60
8276
8886
12043
2461
2506
3131
4351
45
14034
1460
2258
952
9186
3738
13539
12016
4889
3819
1818
3860
8721
3298
4088
6938
4258
1155
8518
6934
14642
2104
6634
976
9062
5320
10698
1088
9990
6490
8996
7103
14058
13569
12035
3864
4150
8164
12603
10527
10669
9630
3283
13489
3621
12110
2566
13297
4555
12875
9207
1819
9993
7844
2945
8209
14656
11911
7227
4883
2283
6039
9672
5084
1912
10488
11414
546
5578
4038
2403
11401
12632
7977
4322
10285
2512
10102
13542
12666
3415
5851
1266
8156
9142
8619
8447
12068
11596
6236
14606
10874
14054
3733
12848
10374
3298
12860
10251
12802
2127
14633
4498
14240
6221
14531
2039
11008
9866
10354
6051
5492
9690
14010
9780
5025
320
10055
1183
12924
14543
3981
11259
1463
8994
12438
10448
9190
3954
5770
11180
353
7124
10300
1575
11959
7437
4444
11904
2000
8332
6484
13951
12301
13723
9819
10797
6763
9319
52
4411
5575
8292
10266
6199
5374
13384
9819
6725
13677
8504
3925
7954
5454
4812
13780
9922
7407
14770
13458
6531
5985
11015
4966
14679
9178
6661
10363
122
5389
13660
5411
8655
9932
2365
10525
9539
4650
5698
8569
13233
14410
14350
10396
1544
4864
8595
951
14328
12465
3959
8083
13802
6114
14198
940
10165
6391
7424
13782
4856
3246
3478
11977
5214
11719
8641
893
362
4390
1319
11613
9627
5169
10919
6374
11655
3145
14223
2997
554
1353
12430
12434
12423
1571
3909
7288
10207
9378
5297
14806
14386
4253
6250
9180
5172
6178
4145
302
10256
10820
1748
7207
5673
7513
3156
586
1070
3237
11926
7664
8128
10651
14830
1753
10639
11352
12428
3437
3873
6318
174
7
13518
2659
2591
3752
5675
12349
13704
2400
8787
699
9421
7610
3131
11211
6561
8708
2514
5496
12981
11256
8063
3739
9511
6368
13860
5212
2083
7923
3056
14975
5268
206
2759
5117
9018
2889
6675
4687
5130
13492
14073
626
2837
6807
4422
11191
5953
12019
13577
2961
6242
6353
4605
12457
4606
8577
13108
5557
12431
193
2931
1266
13750
630
4165
11000
11408
6173
5941
29
2417
6515
2966
2149
8559
3446
2056
8343
3713
2182
3082
1370
14668
12370
13452
9814
8889
5492
13791
12859
8146
9064
8561
10678
10296
12779
6547
10987
13072
8463
4298
14246
5140
4892
8136
8318
4079
11397
5322
13482
3907
9672
8542
14452
12835
7413
10850
5456
9644
11837
7842
367
1055
112
449
10003
56
13164
9580
14394
6265
10807
7895
8175
1089
7588
506
1820
308
2479
12022
5715
13557
7064
8976
553
160
7407
12674
10837
6569
7302
8746
12108
7618
154
4647
4722
14324
13699
2927
9497
5576
1586
8209
9191
4824
10063
7926
6311
7555
2085
4299
1421
12019
239
5134
8732
2754
12928
14783
4371
12155
1982
9202
6931
1064
8670
4288
2742
12727
2887
977
5856
5660
2614
14978
8117
9345
13335
11794
14909
6690
11396
11758
9814
11564
10691
6283
13731
2558
8600
504
952
5099
10395
7730
11597
6854
5361
6006
9862
24
1854
9925
996
11075
4406
1
182
9419
1656
28
14247
13951
3504
14869
7781
11397
8138
13328
47
3445
3365
10882
2656
6636
7558
4386
12347
2965
11635
5880
8927
423
1865
14050
6389
8127
11376
6657
10501
10496
393
7480
2384
1670
13358
10288
8278
2311
4346
14032
5901
3210
3521
3910
3035
10272
14589
4076
7960
4137
8118
6632
11266
13202
10547
8861
1717
13472
8157
7758
8385
2543
3914
277
633
12011
6218
840
3190
9767
13095
4918
10189
10621
8216
1793
7456
7894
11626
11472
12457
8309
5556
12673
8878
13216
14454
4632
11205
8762
2178
7567
2384
6665
2790
12321
920
6014
10474
11035
5153
10617
8922
10284
7397
3307
5861
9661
6888
8988
6411
12555
13150
6490
10002
5434
13252
4969
6215
157
942
6822
8270
4368
2838
7555
6083
9760
8864
11044
10613
8971
9547
7298
11926
9953
12345
8134
11281
4760
6680
1628
3710
10025
4903
6302
102
12341
14961
147
1565
10975
7837
1900
4908
13423
13600
7184
5073
1495
3762
1920
13010
11329
149
11191
9746
710
14050
9582
6846
7614
2352
10348
9104
14980
3332
12456
5022
7259
3150
12092
8150
4972
149
11238
8559
2718
2657
11677
13918
140
14343
13305
11003
4132
1871
4641
9342
5559
12715
6446
2315
11159
13417
1032
1905
4306
1787
7854
8410
3527
10267
12905
12682
2509
7615
6288
668
11727
5976
13307
700
235
10687
6905
3971
769
8851
267
14740
4834
11218
4396
11636
4434
13130
998
696
4829
7209
813
6140
6417
14657
13636
6828
4357
7861
8635
12377
3237
9471
2939
8325
7069
10774
11479
2493
633
7837
14379
12453
14067
7622
11226
2173
6789
8722
9005
2445
13032
11172
11619
4918
6903
843
9721
9813
13264
11686
11443
1000
11689
7357
8590
10416
6935
6214
14176
6696
14006
14581
13496
11791
13994
6492
8928
2210
12373
3435
11469
5494
6077
10737
13993
11797
12578
14717
5262
3930
12063
7711
12628
3616
326
6848
4443
12233
5960
9720
5248
10628
5359
5339
1731
9256
4818
8980
9116
2730
7569
5875
5173
3084
10321
10972
11938
6333
12629
14352
9895
10558
10414
2367
3132
2303
9360
6162
13461
860
11521
10193
5007
14583
14363
436
11533
5320
5638
4914
4621
8448
10820
12261
11875
13636
10454
6664
1744
11310
12942
12166
13132
12692
7469
612
10802
9783
13330
7022
187
9558
2
1131
5829
8863
4799
6030
8804
11452
10811
539
6847
7681
13964
4949
3444
12989
10608
7524
3897
600
7597
990
3648
5618
5934
4572
11021
5540
2155
4881
5563
7064
5680
5150
3346
7473
13158
6810
3102
9819
7518
14353
11506
14025
5410
4690
7852
2933
12482
13845
5044
6454
11150
9000
12434
10314
13069
13703
768
4002
7160
6062
2454
14341
5639
4643
140
4244
5519
10910
11037
6669
2846
7490
10494
11088
831
12405
11087
12779
1802
4798
12966
7016
3398
7699
14944
1871
4269
3666
10453
10728
944
6531
1707
5840
8276
2331
6432
5660
10682
13603
14451
5510
8078
7137
3355
5549
14859
10106
6828
12001
13507
2857
8991
9962
10304
11663
2829
14893
8369
4565
2891
3263
7401
1867
13150
2953
7767
7671
10519
289
5863
12209
3553
8087
13548
2314
1205
3303
7363
13420
1517
2431
5336
2959
8431
7160
215
1955
9306
2124
13623
11035
5136
6873
3964
12862
5224
7490
7495
9344
1625
7020
11555
3061
348
11799
11944
10148
3417
6153
13126
14207
1776
10829
12795
4407
617
10288
659
12206
5731
3696
6923
649
623
10590
2558
254
1805
7468
11015
2061
5964
6320
3064
9170
13901
2398
6498
11749
14792
698
2229
7388
5111
4281
10415
5499
8424
5829
14312
6174
4030
3042
2884
4958
10159
935
11402
12340
11530
8782
14191
6705
4494
11696
14342
7411
13665
12778
10567
10843
1818
1378
1059
249
1286
1829
11424
3967
3852
6079
9624
5684
13506
6665
7728
2864
10846
2936
3061
9115
1534
2154
6253
6516
2102
5397
2104
258
11389
3577
3213
14737
2856
7062
5292
9183
6805
915
5079
1623
2556
9809
4989
13678
2357
5274
12255
6159
2531
5267
11096
12926
8574
9498
6739
2019
3498
2379
14869
7892
6137
10662
13991
5217
12514
14886
2831
8565
14655
12705
6016
12227
5754
880
2786
7040
9714
8745
7212
9855
3271
5442
2479
5416
12486
11173
4571
4733
9341
7344
2208
11311
2046
5757
10646
12023
9471
779
10718
3216
9702
3454
8951
10985
12265
10589
7699
13990
2819
14187
1763
10597
7447
1498
7719
1772
4289
7460
14628
14046
7272
6884
8293
2300
5786
8180
6875
5624
8471
4755
14658
13520
132
11232
14023
11455
5159
606
11187
670
12160
5641
1351
4658
549
138
2880
6307
248
11234
10338
5781
1016
12908
3874
278
12116
4712
14126
4293
1926
14478
10728
1525
11014
11975
9269
10875
2341
4744
5823
10933
21
6779
11301
5049
10617
12197
12210
766
4856
5116
14399
7562
10913
1591
1799
6880
6438
12979
6584
12967
12495
11120
9426
8662
4967
2083
2441
6733
5243
3003
11693
4961
12017
4951
693
3959
1733
297
7227
8186
2793
6000
3303
14897
9791
3380
606
11605
9550
13832
7187
12314
4632
5027
5742
6909
5894
13312
3055
14324
14959
9798
7509
6543
8592
987
12578
12939
14793
1825
959
961
11321
14727
8181
12309
5141
11570
8512
9310
4696
12822
6424
2268
5512
14731
6724
12678
4181
1314
2200
6774
11181
12610
9167
3266
11464
6
11988
3130
10888
9906
8543
7134
14021
14318
2091
5379
7076
5786
1409
8750
9047
12148
8445
12139
6675
1681
4674
5900
6600
894
5037
5920
10001
7464
10545
3834
7384
12452
1092
12925
5556
14353
14074
14994
8023
3807
2638
7789
5771
14979
6497
1060
7672
4763
9527
9673
176
3552
8718
10994
6740
219
10853
5654
9314
13010
14546
14353
7437
8799
5479
1186
14144
3923
9062
7
13692
11083
6014
11631
14839
7286
4936
978
3151
5018
13238
3999
8594
13037
5008
11423
9986
3545
6325
7698
4204
8894
10943
1509
101
12615
14055
8901
14032
13427
14872
14904
12738
9196
1497
4974
9966
10905
13402
9738
9606
14453
11176
2386
2356
6521
120
5717
237
3299
3140
3585
746
9344
5130
10536
4635
12861
3676
13900
6100
1007
7022
11595
10671
13359
12305
1649
11546
9806
7092
8090
10353
84
14811
1042
2299
3928
12816
1049
8803
12648
13746
7805
9850
14584
4584
2275
3582
4348
6201
11527
7950
4624
9958
14382
8705
4655
13404
1563
14215
10398
13204
2499
13801
1157
7366
1907
183
7911
13617
549
605
6575
654
13633
4343
6657
13083
4406
12390
8146
14206
10715
8955
4390
11705
13659
14058
13518
2822
10692
1036
6935
4801
1627
10086
14968
8004
5591
1206
12442
4386
8252
1373
14052
6899
12952
9063
318
14184
8609
10127
923
2577
11925
9412
729
2967
6888
1924
7331
6874
521
2778
14839
8690
7330
11766
4697
12879
805
1269
2299
5487
13921
13896
2347
13597
8660
1935
4498
84
4860
4887
829
374
6352
7600
11872
8080
2083
6562
12719
10762
8666
8312
14650
5754
12487
4827
417
11454
5913
39
3953
4956
13500
856
14286
7733
1751
8914
3524
10078
893
3765
2978
2799
9922
5731
3095
2473
806
8267
3305
9472
8552
13111
6463
4667
1255
5020
2209
11766
9754
11313
8500
12800
2076
4499
11722
12803
14165
46
13084
13001
2130
5613
12144
2141
12695
10974
7002
2555
5574
4058
11016
13791
10227
8043
1437
11610
5980
4285
9828
6131
1384
14182
7517
8880
14183
4173
2428
12059
4932
341
3935
1593
4918
12355
11368
10067
13730
5956
6729
2808
5258
14570
13398
12898
10221
7482
1394
14346
5429
6320
8848
12664
1587
10915
10419
7430
4326
8681
6302
12313
11224
10261
10563
13442
1773
7419
13253
4271
12961
7696
10414
747
2326
3244
13421
2447
5468
9086
1636
9209
775
5507
604
14684
986
4630
943
6656
2281
7600
9718
4697
734
13154
12826
12384
7140
9121
5399
9535
12867
4422
3943
5621
9283
11959
7974
10205
9572
1523
12942
7860
13890
6095
8468
12622
1490
10900
13780
2819
9398
4373
13015
12663
1180
812
8740
2783
7629
1280
2265
11111
2540
10372
7895
14242
294
6862
2630
10036
1534
10172
9873
2862
981
2826
10123
10080
6869
1268
10721
14648
10898
3242
10648
2347
5170
5079
14273
10549
5389
5547
7988
3350
2296
13088
9169
10111
2544
2409
1620
4910
9667
4653
3754
5539
8604
7476
13874
13545
2126
9696
5951
6693
10571
1143
246
3629
9139
8270
3420
10930
14912
4985
2898
5868
13474
14247
8090
10008
8922
7785
831
9625
2583
3424
14514
10018
13745
12427
2543
10604
9176
11140
3636
1634
5478
6023
1554
2672
7687
10889
3204
7093
5902
8944
6459
9028
12730
10003
3165
12130
11478
11730
14554
2369
7226
5477
14636
12396
6363
9535
9445
3457
12794
6556
7385
12834
3271
7440
13892
1749
10571
4563
3324
2271
11143
11269
7676
4662
9521
14284
12979
6768
7184
4660
663
3815
5541
10919
4034
9381
14684
9304
2747
5947
7535
14364
10878
3532
14383
5652
14119
8245
7957
3495
7865
2585
8025
4219
11188
6692
13433
10907
11642
5286
10636
2766
11218
9340
4946
12846
9971
6762
7477
7660
11765
8034
6285
6031
12849
3456
14387
1511
4717
5140
1409
9357
11782
14720
3563
4002
808
5869
4032
4036
694
14027
14916
12570
6280
5926
7528
14002
9606
13475
9175
814
8873
12251
12289
12049
3481
7602
14803
11019
10227
3675
3529
3081
8308
1839
91
3055
10741
1321
12449
3979
1094
1756
8159
11439
12781
10858
10329
14256
10262
13320
3600
11308
11658
6932
7399
750
11728
10146
7534
3242
8882
9968
12323
13052
14674
14691
4624
9089
2782
302
9575
7944
1054
3268
2254
8003
9044
3006
7233
957
7858
91
5428
14882
523
513
11790
6144
12687
5970
12104
4896
13100
10579
6194
2646
3496
14592
10919
12264
13390
2013
985
12088
7316
4065
5282
10114
5572
13145
3280
14592
2586
12130
4834
13251
4819
2416
8698
10218
3004
11299
5538
11555
9249
1631
2034
5276
7623
1243
6605
11809
8348
7650
3357
6218
8052
14406
202
10604
10848
8797
6621
12375
9130
14395
10895
11039
5229
8844
3376
9399
4710
1576
5933
304
11356
5070
6573
4533
14417
10432
7991
11796
4230
10128
11452
9818
2812
3630
6014
12727
12538
2286
4845
9701
8529
10338
13104
9332
8163
314
3162
10285
10715
6369
1858
5121
7085
8357
6359
11
2096
4404
14136
5795
9163
5591
13971
4506
2775
14094
10094
863
216
4126
10692
13307
1508
3340
14400
6042
10083
186
3934
5721
4916
953
1075
5121
2535
4609
6460
5020
8879
12951
2689
13425
14370
3786
13093
1175
4484
943
3891
4419
3902
11829
11819
8075
14820
11553
971
2063
10360
11398
10150
6890
4575
1796
6256
5639
2085
271
11962
9167
13678
5106
2333
7840
9441
11163
660
4103
10862
14362
6147
9233
3857
5871
4525
13564
2760
261
13711
10857
4245
11577
13732
5163
9847
7563
8980
302
10534
13858
1948
2090
8824
12396
3483
3897
8059
4067
139
1451
10020
7950
12050
477
7776
6224
11553
10291
9274
10197
12213
5823
11584
28
5615
5520
1572
12616
6320
6758
5549
12590
11517
12857
8978
917
6585
8100
1208
181
13302
936
8207
9533
11434
3208
12527
4041
9023
13054
3308
6396
11696
8808
5939
7664
1807
4388
6281
10073
5527
8127
11202
13159
169
9466
8159
10414
6673
8026
1355
1331
6674
7329
11403
1349
9087
14726
14893
3684
12550
165
808
13576
10751
11570
11016
13367
3167
8833
2620
13274
11731
11863
6768
4828
7615
9848
6906
7253
14936
11209
588
7351
6733
11851
6601
6654
2031
12332
11126
10793
6202
711
3794
13631
12752
837
12732
1885
7115
3015
3623
1764
8148
12034
12671
6525
13772
5906
14323
9435
5123
10001
5902
9056
3119
12906
6822
1309
10755
12982
11823
260
14117
4501
5370
460
4331
8083
14985
77
12237
4275
3062
13389
10276
14943
2976
11617
13975
7203
554
14444
3374
1223
7326
8490
10694
11667
13341
9562
4266
3682
1342
5965
3757
4612
12087
8111
10329
2100
13075
4858
8585
12759
14198
13177
3560
8045
14319
10794
1309
9320
7879
10211
12875
647
225
12499
7704
11179
13434
4909
4050
12225
14715
4711
14798
12142
8253
11631
2245
2909
7982
3560
11371
3435
9505
4154
7441
10184
7894
3370
13709
478
4297
12089
12627
10803
5655
5492
7712
4393
1858
1412
11282
13243
14217
4246
3041
3069
12123
8613
8688
12131
12391
2856
13842
2885
6708
3001
14712
12778
14104
12312
12193
3784
10366
7224
8437
11714
3997
10094
9655
11201
2269
12681
2436
9097
14807
401
57
618
5960
3502
10062
2048
6067
5625
7861
11137
2654
12861
8604
9933
5016
8931
10781
8163
4745
7960
10528
6466
5382
7439
3312
2474
4089
3971
625
11722
13958
2121
8607
12321
8773
11043
4292
1735
9441
11332
8280
7938
3892
8962
5203
11583
5414
12987
5602
5174
5531
5186
1957
8921
3508
5610
10541
1424
12951
14175
872
12596
10057
2648
13800
4286
1250
2715
12917
1005
10693
809
13274
57
631
10836
10086
2985
10904
8568
6512
2351
11668
13240
8773
3429
12219
6569
2504
8833
838
5889
10173
7908
14191
12001
11296
8335
6149
6103
14998
10095
5174
7742
2466
2928
14944
13852
11900
3178
13360
4194
1354
10771
12859
12428
7096
5896
13090
13194
5683
2039
7382
13544
6378
3684
10453
13822
2828
3178
9410
13014
10035
11428
39
10457
3153
3479
1717
5515
12582
14991
14188
10608
2309
52
14569
3084
10414
978
7149
12059
4354
1287
7627
1164
9220
11118
3496
3962
8182
13320
10840
86
7255
4304
9080
14986
14124
9753
3544
1355
5074
13184
1563
3664
14393
2746
3654
968
7025
14625
1189
6716
903
5838
7723
5073
2485
6495
6096
1224
14813
440
7240
7905
10665
3094
7170
3519
4040
8527
7979
11648
3320
8224
3890
8184
3241
79
3647
2562
3847
9864
4064
5362
90
12457
6185
13955
678
166
8939
9546
10345
13309
13217
6644
9970
1123
4832
4043
2883
11865
5312
9098
7072
7545
11851
11156
2892
14588
3153
12400
66
2378
1512
11924
706
860
1778
6948
591
5831
1767
11330
5484
5530
5872
6962
1549
9973
7580
9005
14516
12234
849
10487
7524
7939
13723
8069
10753
3975
3368
11104
1350
12849
13612
11354
2107
13069
9462
464
7467
4116
9024
12472
7238
10651
632
12946
3698
11925
1368
5859
14609
9144
6351
4028
8609
7269
3132
10805
13348
7860
3443
6613
12187
1975
4258
2850
13925
13044
13155
3717
5938
14683
4555
8665
1331
10567
1644
958
5752
14985
5414
10685
1326
14391
11743
9501
11070
11537
7489
7695
13943
13338
6309
7282
10626
11140
821
1806
2601
6903
8069
2385
12349
8814
6815
7130
13013
326
3340
8882
3311
3134
4647
7281
4675
1459
12131
9027
7143
4723
10895
11047
4398
12738
883
3687
13094
13813
1038
9384
12494
12513
31
10682
5192
12156
106
9795
12402
13798
9100
13615
10896
14542
2109
7004
7890
3288
1103
13960
6137
7956
12553
14275
14645
4611
5798
4020
4893
7620
12455
8862
2478
4520
7757
12298
3810
9840
3302
3003
4374
954
6059
66
9374
1557
3809
11596
4441
10172
2960
67
9955
12262
5333
1889
1058
8294
12347
10948
10943
6905
7239
3176
8919
6010
1298
3951
12858
5424
12779
13794
4168
11577
13768
13546
3141
1522
2341
1089
13424
7584
12717
11820
3677
2829
14899
13349
14884
13925
6649
2141
6600
83
11115
11782
13400
3474
10919
1614
13031
9750
12193
5459
2665
1648
13494
747
12743
6801
6363
11176
10772
5756
12307
4032
11080
7933
2315
3239
4759
3222
14042
4471
4502
11491
10140
6920
7141
10534
8665
201
5172
13121
232
442
5795
12869
12466
8631
1379
8880
3737
13758
1227
3556
8464
5156
13899
13310
13319
9880
5186
1280
4267
4964
14195
3831
888
1963
2780
9263
9494
13496
1451
8859
11557
9814
6220
12045
7533
104
2960
2266
1783
9980
10820
1004
12246
3379
10215
8356
12020
10642
5801
14898
4866
7713
8273
9142
12590
4717
7010
14050
2140
6790
8739
5914
11110
8412
13235
13597
5118
11910
8601
11304
5769
9698
1958
6602
14661
11665
11196
10443
5519
13080
11019
9440
8402
10284
6522
5450
2735
10903
9034
8559
10059
5586
98
6483
1913
14361
12621
12444
2869
3826
247
8427
14091
14975
5519
7084
969
3464
761
7000
13831
13260
6092
14781
7784
3820
1317
303
7785
12880
8936
12591
6570
13978
12128
7196
10100
14776
11561
3246
7220
10096
313
13854
9499
2350
12563
5069
10043
1324
11508
13813
8011
11463
2918
4369
13515
3028
7662
14025
882
6298
10461
7409
1021
4736
2322
1136
6458
13057
3136
1898
2025
9775
3048
13030
14857
14184
6520
13556
5072
8820
8005
8437
690
13888
8267
5859
14679
7365
5941
3137
2117
3874
1292
6770
767
7024
10806
5296
10072
5471
13958
14233
5635
2176
7183
8860
9685
8229
2643
3679
4166
5752
3623
204
1025
4312
12634
2515
12722
3263
4550
9611
11101
1650
4051
11505
1374
3572
7592
11955
9954
3537
2113
14563
14249
14721
2973
3857
10369
9881
5986
10410
6798
1298
14845
8002
2549
11638
9171
7539
6254
2718
9348
13930
319
5022
14580
7076
7991
14887
5219
4412
4293
3471
8252
6701
7811
9352
10128
13408
1915
13044
14166
833
6725
13020
9957
14927
12989
1159
332
12110
5046
11793
9637
11380
8122
14269
7623
10507
13802
480
309
2621
2835
9336
4141
13465
7372
10462
13231
11003
443
6974
9957
8747
11862
6086
5430
9201
4580
5915
10965
10035
14800
8810
4094
8116
3644
3981
3230
884
2350
5324
7559
1218
14184
14956
4683
954
8501
3455
11360
4864
6319
4198
5770
3114
11622
8657
13898
4686
7948
5443
6381
4734
14742
6545
8891
10186
2989
6149
5516
9681
1927
6551
11321
5736
3278
11951
1505
11281
11332
14268
10681
14930
2171
14509
9419
14572
9239
2963
9321
11818
9528
10868
12744
10957
11235
7134
6164
9169
14107
1651
12985
3700
3954
638
5562
8356
6350
5244
7044
1801
13220
14820
10985
12291
14780
6320
14537
5337
7962
1759
285
11843
4258
14441
5675
6471
1546
11517
11598
516
4291
10963
5576
12008
4052
5929
6752
6761
10958
478
9877
2915
8925
5202
9376
622
9157
588
528
8691
1000
560
12207
11545
12243
3759
6258
6155
13789
2571
5203
3913
9882
5356
1410
7729
7496
11133
6765
1734
12961
7579
5640
174
3496
11176
8115
12210
9726
