0
4
6
6
8
10
12
12
12
14
16
18
22
24
24
28
38
40
40
42
44
44
44
50
50
50
54
54
56
56
58
62
64
66
68
68
70
80
80
80
84
86
86
88
90
90
92
94
98
100
102
102
102
106
108
108
110
112
116
116
118
118
118
120
120
124
124
126
128
130
134
136
136
140
140
142
142
144
144
144
150
150
152
156
158
160
162
166
168
168
170
174
174
176
178
182
184
188
188
188
192
192
196
196
198
198
200
200
202
202
204
210
212
214
216
218
218
220
220
224
226
226
228
230
232
232
236
236
236
240
240
244
246
246
246
248
250
250
252
254
258
260
262
264
266
268
272
272
272
278
280
284
284
284
288
292
294
298
298
302
312
314
314
316
318
318
322
322
322
324
326
328
328
330
332
332
334
334
336
338
338
340
340
340
346
350
352
352
352
352
352
354
354
356
362
366
370
372
374
376
384
386
388
390
390
394
396
396
398
400
400
400
406
406
408
410
410
410
410
414
414
416
416
418
418
420
424
424
426
426
428
430
434
436
438
438
438
440
442
444
450
450
452
454
456
458
464
466
466
466
466
468
468
468
478
478
478
482
484
484
486
488
490
492
492
494
496
498
498
498
500
502
512
512
512
514
514
516
518
518
520
520
526
526
526
528
528
528
532
534
534
536
536
536
538
540
540
540
544
546
546
546
552
554
554
558
564
564
566
572
574
574
574
576
578
580
580
580
582
582
582
584
584
590
590
596
598
602
602
606
606
610
614
614
622
622
624
632
634
634
638
642
642
646
648
652
654
656
658
660
666
666
666
666
668
668
670
670
670
672
674
674
676
676
676
678
680
680
684
684
688
688
688
688
690
696
700
702
708
710
716
718
718
722
726
728
736
738
738
740
740
740
746
746
752
758
758
758
760
762
764
764
770
772
778
778
780
782
782
784
786
786
788
788
790
790
792
798
798
798
800
802
802
802
804
804
806
806
808
808
808
812
812
812
812
814
816
816
816
818
820
820
822
824
828
828
832
832
834
836
838
842
842
844
844
846
846
846
846
848
848
850
850
852
852
852
854
858
860
862
866
868
870
872
874
878
880
882
886
886
888
888
888
888
892
894
894
896
898
898
902
906
910
912
912
912
914
916
916
920
922
924
924
926
928
932
932
934
934
934
942
944
950
950
950
956
958
958
958
958
960
964
964
966
970
976
978
980
984
986
988
990
992
992
992
994
994
1000
1002
1002
1004
1008
1010
1010
1012
1012
1014
1016
1018
1018
1018
1020
1020
1022
1024
1026
1028
1030
1034
1034
1036
1038
1038
1040
1044
1050
1050
1054
1054
1058
1058
1060
1062
1066
1066
1070
1074
1074
1074
1074
1076
1078
1080
1086
1090
1092
1094
1096
1096
1096
1102
1102
1104
1104
1104
1106
1118
1120
1120
1124
1126
1126
1128
1128
1128
1130
1132
1134
1136
1136
1136
1136
1138
1140
1142
1144
1144
1144
1150
1152
1154
1156
1156
1156
1158
1160
1160
1162
1164
1164
1170
1170
1170
1172
1174
1174
1176
1178
1180
1182
1182
1188
1190
1192
1192
1194
1196
1196
1198
1198
1200
1200
1202
1204
1204
1204
1206
1210
1210
1214
1216
1216
1218
1226
1228
1232
1240
1242
1244
1244
1246
1246
1250
1252
1252
1258
1264
1264
1272
1272
1276
1276
1278
1284
1288
1294
1296
1296
1300
1302
1304
1304
1304
1306
1310
1314
1322
1322
1324
1326
1328
1328
1330
1336
1338
1340
1340
1342
1344
1346
1352
1352
1356
1356
1362
1362
1366
1368
1370
1372
1380
1380
1382
1382
1384
1388
1390
1394
1396
1398
1398
1400
1406
1408
1410
1412
1414
1414
1418
1424
1424
1428
1430
1434
1434
1434
1436
1438
1438
1440
1444
1444
1450
1452
1454
1456
1456
1464
1466
1468
1472
1472
1474
1474
1474
1474
1476
1480
1480
1486
1488
1488
1488
1490
1492
1496
1498
1502
1506
1510
1510
1512
1514
1514
1516
1520
1520
1522
1526
1526
1532
1532
1534
1536
1538
1538
1542
1544
1546
1548
1550
1554
1558
1560
1560
1562
1562
1568
1570
1570
1576
1580
1580
1582
1586
1588
1588
1592
1594
1598
1600
1602
1604
1604
1606
1608
1608
1608
1610
1610
1612
1618
1620
1620
1624
1626
1628
1630
1632
1634
1644
1646
1648
1648
1650
1652
1652
1654
1658
1660
1662
1664
1664
1664
1668
1672
1674
1674
1676
1682
1684
1688
1688
1692
1696
1696
1698
1702
1706
1706
1708
1710
1710
1714
1714
1714
1716
1716
1720
1722
1724
1726
1730
1730
1732
1732
1734
1736
1738
1738
1740
1742
1742
1742
1744
1744
1746
1750
1750
1754
1756
1758
1758
1760
1762
1762
1764
1764
1764
1768
1772
1772
1774
1776
1778
1778
1778
1778
1780
1782
1782
1788
1808
1810
1810
1812
1812
1812
1812
1814
1816
1818
1818
1818
1818
1820
1826
1826
1826
1832
1832
1834
1836
1838
1838
1842
1842
1844
1844
1844
1846
1846
1846
1852
1854
1854
1856
1860
1860
1862
1864
1868
1870
1872
1874
1874
1880
1882
1882
1882
1886
1886
1890
1892
1894
1894
1896
1896
1902
1902
1902
1904
1904
1910
1912
1916
1918
1920
1920
1920
1922
1922
1924
1926
1926
1928
1930
1930
1934
1936
1936
1936
1938
1942
1944
1946
1946
1948
1948
1950
1954
1954
1956
1956
1958
1958
1966
1966
1966
1970
1970
1974
1976
1976
1980
1980
1980
1986
1986
1988
1990
1992
1994
1996
1996
1998
2004
2004
2012
2012
2014
2016
2018
2020
2024
2026
2028
2030
2030
2032
2032
2034
2036
2040
2040
2042
2044
2048
2048
2054
2056
2058
2060
2062
2062
2064
2066
2066
2068
2068
2068
2070
2072
2072
2072
2078
2082
2090
2092
2098
2100
2100
2102
2102
2108
2108
2110
2110
2114
2116
2118
2118
2118
2122
2122
2124
2128
2128
2130
2130
2132
2142
2142
2146
2148
2158
2158
2160
2160
2162
2164
2164
2164
2164
2166
2166
2166
2168
2168
2168
2170
2172
2174
2176
2176
2178
2180
2182
2184
2186
2186
2188
2190
2190
2192
2196
2198
2200
2204
2210
2210
2212
2214
2216
2218
2222
2226
2228
2228
2234
2234
2234
2236
2236
2236
2236
2238
2238
2240
2242
2252
2256
2256
2258
2262
2262
2264
2270
2270
2276
2278
2282
2282
2282
2286
2286
2288
2292
2292
2294
2296
2298
2306
2310
2312
2312
2314
2316
2316
2320
2320
2322
2322
2324
2326
2326
2326
2334
2334
2338
2338
2342
2342
2346
2348
2350
2350
2354
2354
2354
2356
2362
2362
2362
2362
2366
2366
2366
2370
2370
2370
2370
2372
2372
2374
2374
2376
2380
2382
2382
2384
2386
2386
2386
2390
2390
2394
2394
2396
2398
2400
2400
2400
2402
2402
2404
2404
2408
2408
2408
2412
2412
2414
2420
2420
2420
2426
2426
2428
2428
2430
2432
2432
2434
2434
2438
2444
2448
2448
2452
2458
2458
2458
2458
2460
2462
2464
2466
2466
2468
2470
2472
2472
2476
2476
2476
2478
2480
2480
2482
2484
2486
2486
2490
2494
2494
2496
2496
2498
2498
2498
2508
2510
2516
2520
2520
2522
2524
2526
2528
2530
2532
2534
2536
2536
2538
2540
2546
2548
2550
2552
2554
2554
2556
2556
2558
2558
2558
2560
2566
2572
2572
2574
2580
2582
2584
2584
2586
2586
2588
2588
2588
2590
2590
2592
2594
2594
2596
2596
2598
2598
2600
2606
2606
2606
2612
2612
2616
2618
2622
2624
2626
2630
2634
2636
2636
2636
2638
2638
2638
2644
2644
2646
2648
2650
2650
2656
2660
2660
2662
2668
2668
2668
2672
2676
2682
2700
2702
2704
2706
2708
2708
2710
2710
2712
2714
2714
2720
2724
2724
2724
2726
2726
2728
2732
2734
2734
2736
2736
2740
2746
2746
2750
2752
2754
2754
2756
2758
2760
2762
2762
2762
2764
2766
2766
2768
2772
2774
2776
2776
2778
2780
2780
2788
2788
2788
2794
2800
2802
2802
2802
2804
2808
2810
2812
2812
2814
2816
2818
2818
2822
2822
2824
2826
2828
2830
2830
2834
2836
2838
2840
2840
2842
2844
2846
2846
2848
2850
2850
2850
2852
2852
2854
2854
2858
2858
2860
2864
2866
2870
2870
2872
2874
2874
2874
2874
2876
2876
2876
2878
2878
2884
2886
2888
2890
2892
2896
2900
2902
2902
2904
2908
2908
2910
2910
2914
2916
2918
2920
2922
2926
2926
2928
2930
2930
2932
2932
2938
2938
2942
2942
2946
2946
2948
2950
2954
2964
2964
2966
2966
2970
2972
2972
2974
2976
2984
2984
2984
2988
2988
2988
2990
2990
2992
2992
2994
2996
3002
3004
3006
3006
3006
3006
3008
3008
3008
3010
3018
3022
3022
3024
3026
3026
3028
3030
3030
3030
3030
3032
3036
3036
3038
3042
3046
3046
3052
3054
3058
3058
3060
3060
3066
3066
3068
3068
3072
3072
3074
3074
3076
3078
3084
3084
3090
3094
3094
3096
3100
3102
3102
3106
3108
3108
3110
3114
3118
3120
3120
3122
3128
3128
3130
3132
3132
3134
3134
3134
3138
3140
3142
3144
3146
3146
3148
3150
3150
3152
3152
3158
3160
3160
3160
3164
3164
3164
3164
3164
3168
3172
3172
3174
3180
3180
3182
3182
3182
3186
3188
3188
3188
3192
3196
3198
3198
3198
3202
3202
3204
3206
3208
3212
3214
3214
3218
3218
3220
3222
3222
3222
3224
3224
3224
3228
3228
3230
3234
3234
3236
3240
3244
3244
3248
3250
3250
3252
3254
3254
3256
3256
3256
3256
3262
3264
3268
3270
3272
3276
3276
3278
3280
3280
3282
3284
3286
3288
3288
3296
3300
3302
3304
3308
3310
3310
3314
3314
3316
3316
3318
3318
3322
3324
3326
3326
3328
3328
3334
3336
3336
3338
3342
3344
3346
3346
3348
3348
3352
3354
3356
3358
3360
3360
3364
3364
3366
3368
3374
3374
3378
3378
3380
3380
3380
3386
3390
3390
3392
3392
3396
3396
3396
3404
3406
3406
3408
3410
3412
3414
3414
3416
3416
3416
3426
3428
3432
3432
3434
3436
3436
3436
3438
3440
3440
3442
3444
3444
3444
3446
3448
3450
3452
3452
3454
3458
3462
3470
3474
3474
3478
3478
3482
3486
3488
3488
3490
3492
3494
3494
3496
3498
3498
3500
3502
3504
3506
3510
3512
3514
3516
3518
3518
3518
3526
3526
3528
3528
3532
3532
3536
3536
3540
3540
3542
3550
3554
3556
3556
3558
3562
3566
3568
3570
3570
3576
3576
3578
3578
3578
3578
3580
3580
3588
3590
3590
3596
3596
3598
3612
3614
3616
3616
3616
3618
3618
3618
3620
3620
3626
3632
3632
3636
3636
3638
3642
3650
3660
3660
3662
3668
3668
3668
3670
3672
3676
3680
3680
3682
3682
3684
3684
3686
3690
3690
3690
3692
3692
3694
3698
3702
3702
3704
3704
3706
3708
3708
3708
3708
3710
3710
3710
3712
3714
3718
3718
3718
3720
3720
3722
3730
3732
3732
3734
3734
3740
3740
3744
3748
3750
3754
3756
3758
3758
3762
3764
3764
3766
3766
3766
3768
3768
3770
3770
3770
3772
3778
3778
3782
3788
3792
3794
3794
3802
3808
3810
3816
3822
3824
3824
3826
3826
3826
3830
3832
3832
3832
3832
3836
3836
3838
3840
3840
3840
3844
3844
3850
3850
3852
3856
3858
3860
3862
3864
3870
3872
3872
3882
3882
3886
3886
3886
3888
3888
3888
3888
3892
3894
3896
3896
3896
3900
3904
3906
3906
3908
3908
3908
3912
3914
3916
3918
3918
3918
3920
3924
3928
3930
3932
3934
3934
3934
3936
3938
3944
3946
3946
3948
3952
3952
3954
3960
3962
3966
3968
3970
3974
3974
3976
3976
3976
3978
3980
3980
3980
3994
3994
4004
4008
4010
4010
4014
4014
4016
4018
4020
4026
4026
4028
4030
4032
4036
4036
4036
4038
4042
4042
4044
4044
4046
4046
4046
4050
4052
4052
4054
4056
4060
4062
4062
4062
4064
4070
4072
4074
4076
4078
4080
4082
4084
4086
4090
4092
4096
4096
4098
4102
4102
4102
4104
4106
4108
4108
4108
4110
4110
4110
4112
4114
4118
4118
4120
4124
4128
4130
4132
4132
4132
4136
4138
4138
4140
4142
4144
4146
4146
4146
4148
4152
4158
4158
4158
4162
4164
4168
4170
4174
4174
4174
4176
4176
4176
4178
4178
4178
4180
4180
4180
4184
4188
4188
4190
4190
4190
4196
4196
4198
4200
4200
4200
4208
4210
4212
4212
4214
4216
4216
4218
4218
4220
4220
4220
4224
4224
4228
4230
4230
4232
4232
4232
4234
4234
4236
4236
4240
4240
4240
4242
4242
4248
4248
4248
4250
4256
4262
4264
4266
4266
4270
4270
4274
4276
4278
4280
4282
4284
4288
4290
4296
4300
4304
4308
4312
4312
4314
4314
4320
4320
4320
4322
4322
4326
4330
4332
4334
4334
4336
4340
4340
4346
4348
4348
4348
4350
4354
4356
4358
4358
4358
4360
4362
4362
4364
4372
4372
4374
4374
4376
4378
4380
4382
4384
4384
4388
4390
4394
4394
4396
4400
4400
4400
4400
4410
4410
4410
4412
4412
4418
4418
4418
4422
4424
4424
4424
4426
4430
4430
4432
4438
4444
4444
4450
4450
4452
4454
4454
4454
4458
4458
4460
4460
4462
4464
4468
4468
4470
4470
4470
4472
4472
4482
4484
4496
4496
4496
4496
4498
4500
4502
4504
4512
4514
4520
4520
4522
4522
4522
4526
4528
4532
4532
4532
4534
4534
4536
4536
4538
4542
4548
4552
4554
4558
4560
4560
4562
4564
4564
4566
4566
4570
4570
4574
4578
4582
4582
4588
4590
4590
4594
4598
4600
4606
4610
4612
4616
4618
4620
4620
4620
4620
4624
4624
4628
4628
4630
4630
4632
4632
4632
4632
4632
4634
4634
4634
4636
4636
4638
4638
4640
4640
4642
4644
4646
4646
4652
4654
4658
4660
4660
4662
4664
4664
4668
4668
4672
4674
4674
4676
4682
4682
4682
4682
4684
4686
4690
4692
4692
4692
4694
4696
4700
4702
4702
4708
4714
4714
4714
4716
4722
4728
4734
4738
4750
4750
4752
4756
4762
4762
4762
4764
4766
4770
4770
4770
4772
4774
4778
4780
4780
4780
4782
4786
4788
4788
4790
4790
4790
4792
4792
4796
4798
4798
4798
4798
4800
4802
4804
4806
4808
4808
4812
4820
4824
4830
4832
4834
4834
4836
4846
4846
4846
4848
4848
4852
4852
4852
4854
4860
4860
4860
4860
4862
4868
4870
4870
4870
4870
4876
4882
4884
4886
4888
4888
4888
4896
4896
4896
4898
4898
4898
4902
4902
4904
4904
4906
4908
4910
4910
4914
4916
4918
4918
4928
4932
4934
4936
4938
4938
4944
4944
4946
4948
4956
4956
4958
4960
4962
4962
4964
4966
4970
4970
4978
4980
4980
4980
4982
4984
4986
4986
4988
4988
4990
4990
4992
4992
4994
4996
5000
5000
5000
5002
5004
5004
5004
5006
5006
5008
5010
5010
5012
5014
5014
5018
5018
5024
5026
5028
5030
5034
5038
5040
5040
5046
5050
5050
5052
5056
5058
5060
5060
5062
5062
5062
5062
5064
5064
5066
5070
5070
5072
5072
5074
5074
5074
5076
5078
5080
5086
5092
5092
5096
5096
5098
5100
5108
5112
5114
5116
5116
5120
5122
5124
5124
5124
5126
5126
5128
5132
5134
5134
5136
5136
5136
5138
5138
5140
5140
5148
5150
5160
5160
5160
5162
5168
5168
5170
5176
5178
5180
5184
5190
5190
5196
5196
5200
5202
5204
5208
5218
5218
5218
5220
5220
5222
5228
5230
5230
5234
5234
5234
5236
5238
5242
5242
5244
5248
5254
5256
5258
5264
5266
5268
5268
5270
5274
5274
5278
5278
5278
5282
5284
5284
5284
5284
5284
5292
5292
5292
5294
5294
5296
5296
5296
5298
5300
5300
5302
5306
5308
5310
5312
5314
5314
5314
5314
5316
5318
5320
5320
5320
5324
5326
5326
5326
5326
5328
5328
5330
5330
5330
5332
5336
5336
5338
5340
5340
5342
5342
5344
5346
5348
5348
5350
5354
5354
5354
5356
5358
5360
5366
5370
5370
5370
5378
5380
5384
5390
5392
5396
5398
5398
5398
5398
5400
5404
5410
5412
5412
5412
5420
5422
5428
5430
5434
5436
5438
5440
5440
5442
5444
5446
5452
5452
5452
5454
5456
5462
5466
5468
5468
5468
5470
5472
5472
5472
5474
5478
5480
5480
5482
5482
5484
5486
5488
5488
5488
5488
5492
5494
5496
5500
5500
5502
5504
5506
5506
5506
5508
5508
5512
5514
5516
5520
5520
5520
5522
5522
5524
5526
5528
5530
5530
5532
5534
5536
5538
5540
5542
5544
5546
5548
5548
5548
5550
5552
5556
5556
5558
5558
5560
5560
5564
5566
5568
5568
5570
5572
5572
5572
5574
5576
5584
5584
5584
5586
5586
5590
5592
5596
5596
5598
5598
5604
5604
5606
5606
5606
5608
5608
5610
5612
5618
5618
5620
5620
5622
5628
5628
5630
5634
5634
5634
5634
5636
5640
5640
5642
5642
5644
5644
5654
5656
5656
5656
5656
5664
5666
5666
5668
5672
5672
5674
5676
5680
5682
5684
5686
5690
5692
5698
5700
5704
5708
5710
5712
5712
5712
5714
5714
5716
5716
5720
5728
5730
5730
5730
5734
5736
5736
5736
5738
5742
5742
5742
5744
5746
5746
5748
5754
5754
5754
5758
5758
5758
5760
5762
5768
5768
5770
5774
5776
5780
5780
5780
5782
5784
5784
5786
5786
5786
5788
5790
5790
5790
5792
5794
5794
5796
5798
5798
5798
5798
5802
5802
5804
5804
5806
5806
5810
5810
5810
5812
5812
5814
5818
5818
5826
5826
5828
5830
5832
5834
5838
5840
5842
5844
5848
5848
5850
5852
5858
5858
5862
5862
5864
5868
5876
5876
5884
5888
5890
5890
5892
5894
5894
5896
5898
5898
5898
5900
5900
5904
5904
5904
5906
5906
5906
5906
5908
5908
5908
5910
5914
5926
5926
5926
5926
5928
5928
5928
5934
5934
5936
5936
5942
5946
5946
5946
5948
5950
5950
5950
5960
5962
5964
5964
5966
5968
5972
5976
5978
5980
5982
5986
5990
5994
6002
6002
6004
6006
6010
6010
6010
6012
6012
6018
6018
6022
6024
6026
6028
6028
6028
6030
6030
6036
6038
6038
6038
6042
6046
6046
6048
6050
6050
6052
6052
6054
6056
6056
6056
6056
6058
6058
6064
6064
6068
6072
6072
6072
6072
6074
6074
6076
6078
6082
6082
6086
6086
6088
6090
6094
6096
6096
6098
6100
6100
6102
6104
6104
6104
6110
6112
6114
6120
6122
6122
6128
6130
6132
6132
6134
6136
6136
6138
6138
6138
6140
6140
6142
6142
6144
6144
6146
6152
6152
6158
6158
6160
6160
6160
6162
6162
6172
6174
6176
6176
6178
6178
6180
6182
6188
6192
6194
6194
6194
6198
6198
6198
6200
6200
6200
6204
6208
6214
6214
6218
6218
6220
6222
6224
6224
6226
6226
6232
6232
6238
6238
6238
6240
6246
6248
6248
6248
6250
6254
6256
6262
6264
6266
6268
6270
6276
6280
6280
6280
6282
6282
6284
6288
6294
6298
6304
6304
6306
6306
6308
6308
6310
6310
6312
6318
6320
6322
6332
6334
6334
6340
6342
6342
6342
6344
6344
6346
6348
6350
6352
6352
6352
6358
6358
6358
6360
6362
6362
6364
6366
6366
6368
6370
6372
6374
6374
6376
6378
6380
6386
6388
6390
6392
6392
6396
6400
6400
6400
6402
6406
6418
6422
6422
6428
6428
6430
6432
6434
6434
6434
6436
6438
6442
6442
6442
6442
6452
6452
6456
6458
6458
6458
6464
6464
6466
6468
6472
6478
6478
6478
6480
6480
6480
6480
6486
6488
6488
6490
6490
6490
6490
6492
6492
6492
6494
6504
6506
6508
6512
6512
6514
6516
6516
6516
6526
6526
6528
6530
6532
6534
6540
6542
6544
6544
6548
6550
6550
6554
6554
6556
6556
6556
6558
6564
6566
6572
6572
6574
6576
6578
6580
6580
6580
6580
6582
6586
6586
6588
6590
6592
6598
6598
6598
6600
6600
6604
6604
6610
6610
6612
6612
6614
6614
6618
6620
6620
6624
6624
6626
6628
6630
6636
6638
6638
6638
6640
6640
6642
6642
6648
6648
6648
6650
6650
6652
6652
6656
6658
6658
6660
6662
6662
6664
6664
6666
6666
6676
6676
6678
6678
6678
6678
6680
6682
6684
6690
6690
6690
6692
6694
6694
6696
6698
6700
6702
6704
6704
6706
6706
6708
6710
6714
6716
6718
6718
6718
6720
6720
6722
6722
6724
6726
6726
6726
6728
6728
6730
6736
6736
6738
6738
6740
6740
6744
6746
6746
6746
6756
6756
6756
6758
6758
6762
6762
6764
6768
6768
6770
6774
6776
6778
6778
6782
6782
6782
6782
6782
6784
6784
6786
6790
6792
6792
6794
6794
6794
6796
6796
6798
6800
6808
6808
6812
6816
6816
6818
6822
6822
6824
6824
6824
6826
6826
6830
6832
6832
6834
6834
6836
6838
6838
6844
6846
6846
6848
6850
6862
6866
6870
6876
6876
6882
6882
6882
6884
6886
6888
6888
6894
6896
6900
6904
6906
6908
6908
6910
6912
6914
6914
6916
6922
6926
6930
6932
6932
6932
6932
6932
6934
6938
6948
6950
6952
6954
6956
6956
6960
6960
6966
6968
6970
6970
6970
6974
6978
6978
6978
6982
6986
6988
6988
6990
6992
6992
6994
6998
7000
7000
7002
7006
7012
7012
7012
7014
7014
7018
7020
7022
7022
7022
7024
7026
7026
7032
7032
7034
7036
7036
7038
7040
7044
7048
7050
7050
7054
7058
7058
7066
7070
7072
7074
7078
7078
7080
7080
7082
7082
7082
7088
7090
7094
7094
7098
7100
7100
7100
7102
7102
7102
7102
7102
7104
7104
7106
7106
7110
7112
7114
7116
7116
7122
7122
7126
7128
7128
7128
7136
7138
7142
7144
7146
7148
7152
7152
7156
7158
7160
7162
7174
7174
7178
7178
7178
7180
7180
7182
7182
7182
7184
7188
7192
7194
7198
7198
7200
7200
7200
7200
7202
7202
7206
7206
7208
7210
7210
7212
7214
7220
7222
7224
7226
7226
7226
7228
7228
7232
7232
7234
7234
7234
7236
7236
7238
7240
7242
7242
7244
7246
7246
7246
7248
7248
7248
7250
7252
7254
7254
7258
7266
7266
7268
7270
7278
7278
7280
7282
7284
7284
7284
7288
7288
7290
7290
7290
7290
7290
7294
7296
7298
7302
7306
7308
7308
7310
7314
7316
7316
7326
7326
7328
7334
7336
7336
7338
7338
7338
7340
7342
7342
7344
7344
7346
7348
7348
7352
7360
7364
7370
7374
7374
7382
7384
7386
7388
7388
7388
7388
7388
7390
7390
7394
7394
7394
7394
7398
7400
7402
7406
7406
7408
7410
7410
7412
7412
7414
7414
7416
7416
7418
7422
7424
7426
7430
7440
7442
7442
7444
7444
7446
7450
7450
7450
7452
7454
7458
7460
7462
7466
7466
7472
7472
7474
7474
7478
7484
7484
7486
7486
7490
7490
7494
7494
7494
7494
7494
7496
7498
7498
7502
7506
7512
7512
7514
7514
7514
7514
7516
7520
7520
7520
7524
7530
7534
7536
7538
7538
7546
7548
7548
7556
7558
7560
7564
7564
7564
7566
7570
7574
7578
7580
7580
7580
7582
7582
7584
7584
7592
7594
7594
7598
7600
7602
7606
7606
7606
7608
7608
7610
7620
7620
7620
7624
7626
7628
7630
7634
7640
7642
7644
7648
7650
7652
7652
7656
7656
7658
7660
7660
7660
7668
7668
7670
7672
7674
7674
7676
7680
7682
7682
7682
7684
7686
7690
7694
7694
7696
7700
7700
7702
7706
7708
7710
7712
7712
7716
7716
7718
7724
7726
7732
7736
7736
7738
7738
7738
7744
7748
7750
7752
7752
7754
7756
7756
7758
7760
7762
7768
7770
7772
7774
7774
7776
7776
7778
7780
7780
7780
7782
7782
7782
7786
7786
7790
7790
7790
7798
7802
7804
7806
7806
7808
7808
7812
7812
7812
7812
7814
7814
7814
7814
7816
7816
7816
7822
7828
7828
7830
7834
7838
7840
7842
7850
7850
7852
7858
7858
7860
7862
7866
7868
7872
7874
7876
7876
7878
7886
7886
7888
7894
7896
7896
7898
7900
7900
7902
7904
7906
7906
7908
7908
7908
7912
7920
7926
7926
7928
7930
7930
7932
7936
7938
7940
7948
7948
7948
7948
7948
7950
7956
7958
7964
7966
7966
7966
7970
7970
7972
7974
7976
7978
7978
7980
7982
7988
7990
7990
7992
7992
7994
7996
7996
7998
7998
8000
8000
8002
8004
8008
8010
8018
8020
8020
8020
8022
8022
8022
8024
8026
8028
8028
8028
8032
8032
8034
8036
8040
8040
8040
8044
8048
8050
8052
8058
8064
8068
8070
8070
8074
8074
8076
8078
8078
8080
8082
8082
8086
8090
8092
8094
8094
8100
8100
8100
8106
8106
8108
8108
8112
8118
8120
8120
8126
8126
8128
8132
8140
8140
8140
8144
8144
8146
8150
8152
8152
8154
8158
8160
8164
8164
8168
8168
8170
8172
8174
8178
8180
8182
8184
8186
8186
8190
8192
8192
8194
8194
8194
8200
8200
8206
8208
8208
8214
8216
8218
8220
8222
8222
8224
8230
8230
8232
8238
8238
8238
8240
8242
8246
8246
8248
8250
8250
8260
8260
8260
8264
8266
8268
8268
8268
8270
8270
8272
8272
8276
8278
8278
8284
8286
8286
8286
8288
8288
8288
8288
8290
8290
8292
8292
8300
8300
8302
8304
8310
8310
8310
8312
8320
8322
8322
8324
8326
8326
8326
8334
8336
8338
8338
8338
8338
8340
8340
8342
8342
8344
8344
8344
8346
8348
8348
8352
8352
8356
8356
8356
8358
8360
8362
8364
8364
8366
8366
8366
8370
8370
8376
8378
8380
8380
8382
8394
8396
8396
8396
8398
8400
8400
8400
8402
8410
8412
8414
8416
8422
8424
8428
8430
8432
8434
8438
8438
8438
8442
8442
8442
8442
8442
8444
8448
8450
8450
8452
8456
8458
8458
8458
8460
8460
8462
8462
8462
8464
8464
8468
8468
8476
8476
8476
8478
8482
8482
8484
8484
8484
8486
8490
8490
8492
8492
8494
8494
8498
8498
8498
8502
8502
8506
8512
8514
8516
8520
8522
8522
8522
8524
8524
8526
8526
8528
8530
8532
8532
8538
8540
8540
8542
8542
8544
8544
8548
8552
8552
8552
8554
8556
8556
8560
8564
8564
8568
8568
8576
8576
8582
8582
8582
8588
8588
8590
8596
8598
8600
8604
8606
8608
8612
8614
8616
8616
8616
8622
8624
8628
8630
8636
8636
8638
8642
8642
8648
8650
8650
8650
8650
8652
8654
8654
8658
8660
8664
8666
8666
8668
8668
8672
8672
8682
8684
8684
8684
8686
8686
8688
8690
8692
8696
8698
8698
8708
8714
8714
8714
8716
8716
8720
8722
8724
8726
8728
8732
8734
8734
8734
8736
8736
8736
8738
8738
8740
8740
8744
8746
8746
8752
8752
8754
8758
8760
8762
8764
8768
8768
8772
8774
8776
8778
8778
8780
8780
8782
8784
8786
8786
8788
8788
8792
8794
8796
8796
8800
8802
8802
8806
8808
8810
8810
8810
8814
8814
8814
8816
8818
8818
8820
8822
8824
8826
8830
8832
8836
8838
8842
8844
8844
8844
8846
8850
8852
8856
8858
8860
8860
8862
8864
8864
8864
8866
8868
8870
8876
8878
8878
8880
8880
8882
8892
8894
8894
8900
8900
8904
8904
8908
8908
8908
8914
8914
8914
8922
8922
8922
8924
8924
8934
8934
8938
8940
8940
8942
8944
8944
8946
8946
8948
8948
8948
8952
8954
8954
8954
8956
8958
8962
8962
8964
8966
8966
8968
8972
8974
8980
8982
8984
8986
8992
8994
8994
8994
8996
8996
8996
8998
9002
9004
9006
9006
9008
9008
9010
9012
9016
9020
9028
9030
9030
9030
9030
9032
9034
9036
9038
9042
9046
9048
9048
9052
9052
9054
9058
9060
9060
9062
9062
9070
9072
9074
9074
9076
9078
9082
9090
9094
9094
9100
9104
9104
9106
9110
9110
9114
9116
9116
9118
9120
9122
9122
9122
9124
9126
9126
9126
9128
9132
9136
9138
9138
9140
9140
9142
9144
9148
9148
9148
9148
9150
9154
9162
9164
9164
9170
9172
9174
9174
9178
9180
9184
9184
9184
9186
9190
9196
9198
9198
9200
9208
9208
9208
9214
9216
9220
9224
9224
9224
9226
9232
9232
9234
9236
9236
9238
9238
9244
9250
9250
9250
9252
9256
9258
9258
9266
9266
9272
9274
9276
9278
9280
9282
9282
9284
9286
9288
9290
9292
9296
9296
9300
9300
9302
9304
9306
9306
9306
9312
9312
9318
9326
9328
9330
9330
9334
9336
9338
9340
9342
9342
9344
9344
9346
9348
9350
9350
9350
9358
9358
9360
9364
9366
9366
9368
9368
9370
9372
9372
9372
9374
9376
9378
9378
9380
9382
9382
9390
9394
9394
9398
9404
9412
9414
9414
9416
9418
9418
9420
9422
9422
9424
9424
9424
9426
9428
9432
9436
9436
9438
9440
9440
9442
9442
9442
9444
9444
9446
9448
9448
9456
9460
9460
9462
9466
9468
9470
9472
9472
9474
9474
9476
9476
9478
9488
9494
9496
9496
9506
9508
9508
9510
9512
9514
9522
9528
9534
9536
9536
9540
9540
9540
9540
9542
9546
9546
9546
9548
9548
9550
9550
9550
9552
9554
9554
9554
9556
9558
9560
9562
9566
9568
9568
9568
9570
9570
9570
9572
9574
9574
9576
9580
9580
9584
9584
9584
9586
9590
9592
9592
9592
9592
9592
9598
9604
9606
9608
9614
9618
9622
9628
9632
9634
9638
9638
9638
9640
9644
9644
9646
9646
9648
9650
9652
9652
9652
9654
9656
9660
9662
9662
9664
9670
9672
9672
9674
9678
9678
9678
9680
9682
9682
9684
9686
9692
9696
9698
9698
9698
9704
9704
9706
9710
9712
9714
9724
9726
9726
9728
9730
9734
9736
9738
9738
9738
9738
9738
9740
9740
9740
9740
9742
9748
9750
9756
9756
9758
9758
9762
9766
9766
9768
9768
9770
9772
9774
9774
9774
9776
9780
9782
9782
9784
9784
9786
9788
9794
9794
9796
9802
9802
9802
9802
9804
9804
9806
9806
9808
9808
9808
9812
9812
9820
9822
9824
9824
9832
9834
9838
9846
9850
9850
9850
9852
9852
9854
9854
9860
9860
9866
9866
9870
9870
9870
9874
9876
9876
9878
9880
9884
9890
9890
9894
9898
9898
9900
9900
9908
9908
9914
9916
9918
9918
9926
9926
9928
9928
9928
9928
9930
9930
9930
9934
9934
9938
9942
9942
9946
9946
9946
9946
9946
9946
9946
9948
9950
9952
9952
9952
9952
9956
9956
9958
9958
9960
9964
9968
9970
9972
9982
9984
9984
9984
9986
9988
9988
9988
9990
9990
9990
9990
9992
9992
9994
9998
10002
10002
10002
10012
10014
10014
10016
10018
10018
10018
10022
10024
10024
10026
10026
10028
10028
10028
10028
10034
10038
10042
10046
10046
10050
10050
10052
10054
10054
10058
10060
10060
10060
10060
10064
10064
10066
10066
10068
10068
10070
10072
10072
10074
10074
10078
10080
10082
10082
10084
10086
10086
10090
10090
10092
10092
10094
10100
10102
10104
10104
10108
10110
10112
10112
10114
10114
10116
10116
10118
10118
10126
10130
10132
10132
10134
10140
10140
10142
10146
10146
10146
10150
10154
10156
10156
10158
10160
10164
10164
10166
10166
10168
10170
10170
10172
10174
10176
10182
10192
10198
10198
10198
10198
10202
10204
10206
10208
10208
10208
10210
10210
10220
10222
10226
10226
10230
10230
10232
10232
10234
10236
10236
10238
10242
10246
10248
10248
10260
10260
10264
10268
10270
10272
10276
10276
10278
10280
10284
10284
10288
10290
10292
10294
10298
10304
10306
10308
10308
10310
10312
10320
10320
10322
10324
10324
10332
10334
10334
10336
10340
10342
10344
10344
10348
10348
10348
10350
10352
10354
10354
10356
10358
10362
10368
10370
10374
10374
10376
10378
10386
10392
10394
10400
10402
10404
10408
10410
10414
10416
10418
10420
10428
10430
10432
10434
10434
10434
10436
10440
10442
10444
10444
10446
10448
10450
10452
10452
10456
10456
10456
10462
10464
10466
10468
10470
10470
10472
10474
10474
10474
10474
10476
10476
10480
10482
10484
10484
10488
10490
10494
10498
10500
10500
10506
10506
10508
10512
10512
10518
10522
10524
10526
10526
10528
10528
10530
10532
10534
10536
10536
10536
10538
10540
10540
10542
10542
10544
10546
10546
10546
10548
10548
10550
10552
10552
10552
10554
10560
10562
10564
10570
10576
10576
10578
10578
10580
10582
10586
10586
10590
10592
10594
10596
10598
10604
10604
10610
10618
10618
10620
10620
10622
10622
10630
10634
10634
10638
10638
10642
10644
10650
10650
10654
10660
10660
10660
10666
10666
10666
10668
10670
10670
10676
10678
10678
10678
10680
10680
10682
10682
10684
10684
10686
10688
10692
10692
10692
10698
10700
10702
10704
10708
10712
10714
10714
10716
10716
10718
10718
10720
10720
10726
10726
10728
10728
10728
10736
10736
10736
10738
10738
10740
10742
10752
10754
10754
10756
10758
10764
10768
10774
10776
10778
10780
10780
10782
10784
10784
10784
10788
10788
10790
10792
10792
10796
10798
10802
10806
10806
10808
10810
10812
10814
10816
10816
10818
10818
10820
10820
10820
10822
10822
10824
10824
10824
10826
10834
10834
10836
10836
10838
10844
10848
10848
10850
10850
10850
10850
10852
10854
10862
10866
10866
10868
10868
10872
10874
10876
10876
10876
10876
10876
10878
10878
10878
10880
10880
10884
10886
10888
10888
10888
10888
10888
10898
10900
10902
10904
10906
10908
10910
10910
10916
10916
10918
10918
10918
10918
10922
10922
10922
10922
10922
10926
10926
10926
10928
10930
10934
10934
10934
10936
10936
10940
10942
10944
10946
10948
10950
10950
10950
10958
10958
10964
10966
10966
10966
10968
10972
10974
10974
10978
10980
10986
10986
10992
10998
10998
11000
11002
11004
11004
11006
11008
11008
11014
11020
11024
11024
11024
11026
11028
11042
11044
11044
11044
11046
11050
11050
11052
11054
11056
11056
11058
11062
11064
11064
11064
11066
11066
11068
11068
11070
11070
11074
11076
11078
11080
11082
11084
11086
11090
11092
11092
11092
11094
11096
11100
11102
11106
11108
11110
11110
11112
11116
11118
11118
11120
11128
11128
11130
11134
11136
11136
11136
11140
11140
11144
11148
11150
11150
11150
11150
11152
11152
11156
11156
11158
11162
11162
11162
11166
11170
11170
11172
11172
11172
11176
11176
11178
11184
11186
11186
11188
11188
11192
11194
11198
11198
11200
11202
11204
11206
11212
11214
11214
11218
11220
11222
11224
11232
11236
11238
11238
11240
11240
11244
11246
11252
11252
11258
11258
11262
11266
11266
11266
11268
11268
11268
11270
11276
11276
11278
11278
11282
11284
11286
11286
11286
11286
11300
11300
11302
11302
11310
11312
11312
11312
11312
11312
11314
11316
11316
11316
11318
11324
11324
11328
11330
11334
11336
11338
11338
11344
11344
11344
11344
11348
11348
11350
11350
11352
11362
11362
11362
11362
11362
11362
11364
11366
11368
11370
11374
11374
11376
11378
11380
11384
11386
11388
11390
11396
11396
11396
11398
11398
11400
11406
11406
11406
11406
11412
11412
11416
11416
11422
11424
11424
11426
11428
11428
11428
11430
11438
11440
11442
11442
11444
11446
11448
11454
11456
11456
11458
11460
11460
11460
11472
11478
11482
11482
11482
11486
11488
11490
11490
11490
11492
11492
11492
11496
11500
11500
11502
11506
11510
11512
11512
11514
11514
11516
11518
11520
11520
11522
11522
11524
11526
11528
11534
11536
11540
11540
11544
11546
11546
11548
11550
11552
11556
11556
11558
11564
11566
11568
11570
11572
11572
11572
11572
11576
11576
11578
11578
11584
11586
11586
11588
11588
11588
11590
11592
11600
11600
11604
11604
11606
11610
11610
11610
11612
11614
11618
11622
11622
11624
11626
11628
11628
11628
11636
11640
11640
11642
11642
11644
11644
11646
11646
11648
11648
11648
11650
11650
11654
11656
11658
11664
11670
11672
11674
11676
11676
11680
11682
11684
11686
11690
11690
11690
11696
11704
11704
11704
11704
11706
11708
11708
11708
11712
11716
11716
11724
11728
11728
11728
11730
11730
11732
11738
11744
11750
11752
11754
11754
11762
11762
11764
11764
11764
11766
11770
11772
11774
11776
11780
11780
11782
11784
11784
11786
11788
11790
11790
11790
11792
11796
11798
11800
11804
11806
11808
11810
11812
11814
11816
11818
11820
11822
11824
11824
11826
11828
11830
11834
11834
11834
11838
11840
11842
11842
11842
11844
11846
11848
11852
11854
11854
11856
11856
11860
11860
11862
11864
11864
11872
11874
11876
11876
11878
11878
11880
11888
11890
11890
11890
11890
11892
11894
11894
11896
11900
11900
11900
11902
11904
11906
11910
11910
11910
11914
11916
11916
11918
11918
11924
11924
11924
11928
11928
11930
11932
11932
11936
11936
11946
11948
11948
11950
11950
11954
11954
11954
11956
11956
11964
11964
11964
11970
11970
11972
11972
11972
11976
11978
11980
11980
11980
11982
11986
11988
11988
11990
11992
11992
11994
11994
11998
12000
12002
12006
12010
12010
12012
12014
12018
12018
12020
12022
12026
12032
12036
12036
12038
12040
12044
12046
12048
12048
12048
12050
12052
12054
12054
12056
12056
12056
12060
12062
12066
12068
12072
12072
12074
12074
12076
12076
12076
12078
12078
12078
12086
12086
12088
12090
12094
12096
12096
12100
12100
12102
12108
12108
12108
12112
12114
12118
12120
12120
12120
12122
12126
12128
12130
12130
12134
12140
12142
12144
12146
12146
12148
12148
12156
12158
12160
12164
12166
12168
12168
12170
12170
12170
12170
12172
12174
12176
12176
12176
12180
12186
12188
12190
12190
12192
12192
12194
12194
12196
12200
12200
12202
12204
12204
12204
12204
12208
12208
12210
12212
12214
12216
12218
12218
12222
12222
12224
12228
12228
12230
12232
12234
12234
12234
12236
12238
12242
12242
12244
12244
12248
12248
12252
12254
12256
12258
12260
12268
12268
12272
12272
12272
12278
12280
12282
12282
12288
12292
12294
12298
12300
12302
12302
12304
12306
12306
12310
12314
12316
12316
12318
12318
12322
12324
12326
12326
12326
12330
12330
12334
12336
12338
12342
12344
12346
12348
12348
12350
12350
12352
12356
12356
12356
12358
12360
12364
12366
12366
12368
12368
12370
12372
12372
12382
12382
12384
12384
12384
12394
12394
12398
12400
12402
12402
12404
12406
12408
12408
12410
12410
12414
12414
12414
12418
12418
12420
12424
12426
12430
12432
12432
12432
12436
12438
12444
12448
12448
12456
12456
12466
12468
12468
12476
12476
12476
12478
12478
12480
12482
12484
12484
12484
12486
12488
12490
12492
12492
12496
12500
12502
12506
12506
12506
12508
12510
12510
12510
12514
12518
12520
12522
12522
12526
12526
12530
12530
12534
12534
12540
12546
12546
12548
12550
12550
12552
12554
12556
12558
12564
12564
12566
12566
12568
12570
12572
12572
12574
12576
12576
12578
12578
12582
12584
12586
12586
12594
12596
12598
12602
12606
12608
12610
12610
12612
12616
12622
12622
12622
12626
12630
12634
12634
12636
12638
12638
12638
12644
12644
12644
12644
12646
12650
12650
12652
12656
12658
12658
12660
12660
12664
12664
12668
12670
12678
12680
12682
12684
12684
12692
12694
12698
12700
12704
12704
12706
12706
12708
12710
12710
12712
12714
12714
12718
12720
12720
12724
12728
12728
12730
12732
12734
12740
12742
12742
12744
12744
12746
12750
12754
12756
12770
12770
12778
12782
12784
12786
12786
12786
12786
12792
12796
12800
12802
12804
12806
12810
12810
12812
12812
12812
12814
12816
12820
12820
12820
12826
12832
12834
12834
12842
12848
12854
12856
12856
12858
12860
12864
12866
12866
12870
12870
12872
12876
12878
12882
12890
12890
12890
12904
12906
12906
12908
12916
12916
12916
12920
12920
12922
12928
12934
12938
12944
12944
12948
12948
12950
12952
12954
12956
12958
12958
12960
12960
12962
12962
12964
12964
12966
12966
12970
12970
12970
12970
12970
12972
12972
12974
12974
12976
12980
12980
12982
12982
12984
12986
12986
12986
12986
12990
12994
12996
12996
13002
13006
13008
13014
13014
13016
13020
13020
13022
13024
13024
13024
13028
13030
13034
13034
13034
13036
13040
13042
13048
13050
13052
13052
13054
13056
13058
13058
13060
13060
13068
13068
13070
13072
13072
13074
13074
13074
13078
13080
13080
13080
13080
13084
13090
13090
13090
13092
13094
13098
13102
13106
13106
13106
13108
13110
13110
13112
13114
13114
13116
13118
13120
13120
13124
13128
13130
13132
13132
13138
13140
13140
13142
13150
13150
13150
13158
13162
13164
13168
13168
13168
13170
13176
13180
13182
13182
13184
13184
13188
13188
13188
13190
13194
13196
13196
13198
13198
13200
13200
13202
13204
13210
13214
13218
13222
13234
13238
13238
13240
13242
13244
13246
13252
13254
13256
13260
13262
13262
13262
13264
13266
13268
13268
13268
13268
13270
13272
13272
13272
13274
13278
13284
13286
13286
13290
13292
13294
13296
13300
13302
13304
13304
13306
13308
13310
13312
13324
13330
13332
13332
13334
13344
13346
13352
13354
13356
13356
13362
13364
13372
13374
13378
13380
13382
13386
13388
13388
13388
13390
13398
13398
13398
13400
13400
13402
13406
13406
13408
13408
13408
13408
13410
13410
13412
13418
13426
13426
13426
13428
13428
13430
13430
13430
13436
13438
13440
13442
13444
13446
13448
13450
13450
13450
13452
13452
13454
13454
13456
13460
13462
13464
13464
13464
13466
13466
13466
13466
13468
13470
13480
13480
13480
13482
13482
13488
13490
13492
13494
13494
13496
13496
13496
13498
13498
13500
13504
13506
13508
13510
13510
13510
13514
13514
13516
13516
13518
13518
13522
13522
13522
13524
13524
13528
13528
13528
13532
13532
13534
13540
13542
13542
13546
13546
13548
13548
13548
13550
13552
13554
13554
13556
13558
13558
13558
13564
13566
13566
13568
13572
13572
13574
13576
13576
13576
13576
13582
13588
13588
13590
13590
13594
13594
13598
13608
13614
13616
13616
13618
13622
13622
13626
13628
13630
13634
13640
13640
13640
13642
13642
13646
13646
13650
13650
13652
13656
13656
13662
13664
13664
13670
13670
13676
13676
13680
13680
13688
13692
13696
13698
13698
13702
13704
13708
13710
13712
13714
13714
13714
13718
13718
13720
13726
13726
13726
13728
13730
13732
13734
13736
13736
13736
13736
13738
13740
13742
13746
13748
13748
13748
13750
13764
13766
13768
13768
13770
13772
13778
13780
13786
13788
13788
13790
13796
13796
13800
13800
13806
13810
13812
13814
13814
13814
13814
13814
13814
13816
13820
13822
13828
13828
13828
13828
13828
13830
13832
13834
13836
13838
13842
13844
13846
13848
13852
13856
13858
13858
13860
13864
13866
13866
13870
13872
13874
13874
13874
13874
13874
13882
13882
13884
13890
13894
13894
13896
13902
13910
13912
13912
13914
13914
13914
13916
13916
13916
13918
13918
13920
13922
13922
13926
13928
13930
13932
13932
13936
13938
13938
13942
13944
13948
13950
13954
13956
13958
13958
13962
13964
13966
13972
13992
13992
13992
13994
13994
13996
13998
14000
14000
14000
14000
14000
14002
14006
14006
14008
14008
14014
14014
14016
14016
14022
14028
14028
14030
14032
14032
14034
14034
14036
14036
14036
14038
14038
14040
14040
14044
14048
14050
14050
14054
14056
14056
14058
14064
14064
14064
14066
14066
14070
14072
14074
14074
14076
14078
14078
14080
14082
14084
14084
14084
14084
14084
14086
14086
14090
14096
14096
14098
14098
14100
14100
14100
14102
14102
14102
14102
14104
14104
14104
14106
14108
14110
14110
14114
14114
14116
14120
14122
14122
14126
14126
14126
14126
14128
14130
14136
14136
14138
14140
14144
14148
14150
14152
14152
14152
14154
14158
14162
14164
14164
14166
14168
14168
14168
14170
14170
14176
14178
14178
14178
14178
14178
14180
14180
14182
14182
14182
14186
14188
14188
14190
14192
14200
14200
14202
14208
14210
14210
14212
14214
14214
14216
14218
14220
14224
14224
14226
14228
14228
14230
14230
14232
14232
14234
14234
14236
14236
14240
14244
14244
14244
14250
14250
14250
14256
14258
14260
14262
14264
14268
14268
14270
14272
14272
14272
14284
14284
14286
14288
14290
14290
14292
14296
14296
14296
14302
14302
14306
14308
14308
14308
14310
14310
14312
14312
14312
14312
14314
14314
14314
14316
14316
14320
14320
14320
14320
14320
14322
14322
14322
14328
14328
14328
14330
14330
14332
14334
14336
14336
14338
14340
14340
14340
14342
14344
14348
14348
14354
14358
14358
14358
14358
14362
14366
14366
14366
14368
14370
14370
14370
14372
14372
14374
14374
14376
14376
14376
14378
14380
14380
14382
14382
14382
14384
14388
14388
14388
14388
14390
14390
14392
14398
14402
14404
14404
14406
14408
14410
14412
14414
14414
14416
14418
14420
14420
14420
14422
14424
14424
14426
14426
14426
14428
14428
14428
14428
14432
14438
14440
14442
14442
14446
14448
14450
14450
14452
14454
14454
14458
14458
14468
14478
14478
14478
14484
14486
14486
14494
14494
14500
14500
14504
14504
14504
14506
14506
14508
14508
14510
14514
14514
14516
14518
14518
14520
14520
14532
14536
14542
14544
14544
14546
14548
14550
14550
14552
14552
14552
14554
14558
14558
14564
14570
14570
14576
14580
14580
14582
14582
14586
14588
14590
14592
14596
14598
14598
14600
14600
14602
14604
14604
14608
14608
14610
14612
14614
14620
14622
14624
14626
14628
14630
14634
14636
14638
14644
14646
14646
14652
14652
14652
14656
14660
14660
14662
14664
14668
14670
14670
14670
14670
14672
14672
14674
14674
14674
14674
14676
14680
14682
14682
14684
14688
14688
14690
14692
14694
14694
14698
14702
14706
14706
14708
14708
14710
14710
14712
14714
14714
14716
14720
14722
14724
14724
14726
14726
14730
14730
14732
14734
14734
14736
14740
14742
14744
14744
14744
14746
14752
14752
14754
14756
14762
14764
14766
14766
14774
14776
14778
14784
14786
14788
14788
14788
14792
14794
14800
14802
14804
14806
14806
14808
14812
14812
14820
14822
14824
14830
14830
14830
14832
14834
14834
14836
14840
14844
14846
14850
14850
14852
14852
14852
14854
14860
14860
14860
14864
14870
14874
14874
14878
14880
14884
14888
14890
14892
14894
14896
14896
14898
14900
14900
14902
14912
14912
14914
14914
14916
14920
14922
14922
14924
14928
14932
14940
14940
14950
14952
14952
14954
14956
14956
14960
14960
14964
14968
14968
14978
14982
14992
14994
14996
14996
14996
14998
15000
