3
3
5
7
9
9
15
19
21
21
21
25
25
25
27
31
31
33
37
37
37
43
43
45
45
45
47
49
53
53
55
55
57
63
63
69
71
77
77
79
85
85
87
87
93
93
93
93
95
95
95
97
103
105
107
109
111
111
111
113
113
119
119
119
119
123
123
127
129
129
129
131
133
137
137
137
139
139
139
141
145
147
149
151
151
155
157
157
157
157
163
165
167
171
171
171
171
173
175
175
177
177
177
179
181
187
187
189
189
189
191
195
197
201
203
203
209
209
209
211
211
211
213
215
219
219
219
221
225
227
227
229
229
235
237
237
239
245
245
245
245
247
247
251
251
255
257
259
261
261
261
263
265
265
265
277
279
283
283
283
287
287
291
291
291
293
293
295
295
297
299
299
301
303
303
307
309
311
311
313
319
323
325
327
329
331
335
337
339
339
343
345
351
353
355
355
355
355
357
357
361
363
365
365
365
367
373
373
375
375
383
385
387
387
393
393
393
395
397
399
407
409
413
415
417
419
431
433
435
435
437
439
439
441
441
443
447
451
453
453
459
461
463
465
465
467
467
471
471
473
479
481
481
485
491
493
495
495
497
497
499
501
503
503
505
505
509
511
513
517
517
519
523
523
527
529
529
535
535
535
539
539
543
543
551
551
553
553
553
555
555
559
561
561
565
567
567
569
569
571
573
573
573
577
583
585
587
589
591
595
595
597
599
601
607
609
611
611
613
613
615
617
617
621
625
629
635
635
637
637
639
643
645
645
649
653
655
657
659
661
663
663
665
667
667
669
671
675
681
683
685
685
687
693
693
695
699
703
707
707
707
707
709
713
719
719
719
723
731
733
733
735
737
739
743
743
747
747
751
751
753
753
753
757
759
761
761
763
765
765
769
771
771
773
777
777
777
779
783
785
785
787
791
793
793
793
793
797
799
799
801
803
803
805
805
805
807
809
811
811
811
811
811
815
817
817
821
831
837
837
837
839
841
845
847
847
847
855
857
861
865
867
869
871
871
873
875
877
877
877
879
883
889
897
899
905
909
911
917
917
919
919
919
921
923
923
925
925
927
927
927
929
929
933
935
937
943
945
945
953
955
957
959
959
959
967
971
971
975
979
983
987
987
989
991
991
995
995
999
999
999
999
1001
1001
1003
1005
1005
1009
1011
1015
1017
1017
1017
1021
1023
1027
1027
1029
1031
1031
1033
1033
1035
1037
1039
1039
1039
1047
1049
1053
1053
1055
1055
1057
1057
1061
1063
1065
1067
1067
1071
1079
1079
1081
1081
1081
1085
1085
1091
1095
1095
1097
1103
1107
1107
1111
1113
1113
1115
1117
1119
1121
1125
1127
1129
1131
1131
1133
1135
1139
1139
1139
1143
1147
1151
1151
1153
1155
1157
1157
1157
1159
1161
1163
1165
1165
1167
1171
1171
1175
1175
1177
1177
1179
1181
1185
1187
1189
1191
1191
1193
1193
1199
1201
1209
1209
1211
1213
1213
1215
1215
1219
1221
1221
1225
1225
1227
1227
1229
1229
1231
1235
1237
1239
1239
1243
1243
1243
1243
1243
1243
1245
1249
1261
1265
1267
1269
1269
1275
1277
1277
1277
1281
1283
1283
1285
1285
1287
1293
1295
1295
1297
1297
1299
1303
1309
1309
1313
1313
1315
1317
1319
1323
1327
1329
1331
1337
1339
1343
1345
1349
1353
1359
1359
1363
1365
1365
1367
1367
1373
1375
1381
1381
1389
1395
1399
1403
1403
1405
1409
1409
1409
1411
1413
1413
1413
1417
1417
1417
1421
1421
1423
1425
1425
1429
1433
1437
1439
1439
1447
1449
1451
1451
1451
1453
1453
1457
1457
1457
1459
1459
1463
1465
1465
1467
1467
1469
1471
1473
1473
1475
1475
1475
1479
1481
1481
1485
1485
1489
1489
1493
1493
1495
1499
1507
1507
1507
1513
1513
1517
1521
1521
1521
1527
1529
1533
1537
1537
1537
1545
1547
1547
1549
1553
1559
1561
1561
1567
1571
1571
1575
1581
1583
1585
1585
1587
1587
1591
1591
1593
1599
1599
1605
1607
1607
1609
1609
1611
1617
1621
1621
1621
1621
1623
1625
1629
1631
1631
1633
1633
1635
1637
1643
1643
1645
1647
1647
1651
1653
1655
1657
1659
1659
1659
1663
1669
1673
1673
1675
1679
1683
1685
1685
1685
1689
1691
1695
1699
1699
1705
1705
1705
1705
1707
1709
1709
1709
1709
1711
1711
1711
1713
1715
1715
1715
1715
1717
1717
1717
1719
1719
1723
1723
1723
1727
1729
1729
1731
1731
1739
1739
1739
1739
1741
1745
1749
1749
1751
1753
1755
1755
1757
1757
1757
1759
1759
1763
1763
1763
1765
1765
1765
1775
1777
1781
1781
1781
1787
1791
1791
1791
1793
1793
1795
1795
1797
1801
1803
1805
1807
1807
1809
1809
1809
1809
1817
1817
1819
1823
1823
1825
1827
1829
1831
1833
1833
1837
1839
1847
1847
1853
1861
1861
1863
1865
1867
1867
1871
1875
1875
1877
1879
1881
1885
1885
1887
1887
1889
1889
1891
1891
1897
1897
1899
1901
1901
1903
1905
1907
1909
1913
1915
1915
1919
1923
1925
1927
1927
1933
1935
1939
1939
1939
1941
1945
1947
1947
1949
1949
1951
1951
1951
1953
1959
1959
1967
1971
1975
1979
1981
1983
1985
1985
1987
1987
1989
1989
1991
1991
1993
1993
1995
1997
1999
1999
1999
1999
1999
2003
2003
2003
2003
2003
2009
2013
2013
2015
2015
2017
2019
2019
2019
2023
2033
2035
2035
2035
2037
2037
2039
2043
2047
2047
2049
2049
2049
2049
2051
2051
2051
2051
2053
2053
2057
2059
2063
2063
2067
2069
2069
2071
2073
2073
2077
2077
2081
2081
2083
2087
2087
2089
2095
2101
2101
2103
2103
2103
2111
2117
2121
2121
2123
2123
2123
2125
2129
2129
2139
2141
2143
2143
2147
2149
2153
2155
2157
2163
2167
2169
2169
2169
2171
2171
2171
2171
2173
2173
2175
2177
2179
2179
2183
2189
2191
2191
2193
2195
2195
2197
2199
2199
2205
2205
2205
2207
2207
2207
2209
2209
2209
2213
2213
2213
2215
2215
2215
2217
2217
2221
2223
2223
2225
2225
2227
2227
2229
2229
2231
2233
2241
2245
2249
2249
2249
2249
2251
2253
2253
2257
2259
2261
2261
2265
2269
2271
2273
2275
2275
2275
2279
2279
2279
2281
2281
2281
2283
2287
2287
2289
2289
2289
2289
2289
2293
2293
2295
2295
2299
2299
2303
2311
2311
2311
2313
2315
2315
2319
2323
2323
2325
2325
2327
2327
2331
2331
2333
2341
2347
2349
2351
2353
2357
2357
2359
2359
2363
2365
2371
2371
2371
2373
2375
2379
2379
2381
2383
2385
2389
2391
2391
2393
2395
2395
2401
2401
2403
2407
2407
2409
2409
2409
2411
2411
2413
2415
2415
2421
2421
2423
2427
2427
2431
2431
2435
2435
2435
2437
2443
2445
2445
2447
2451
2451
2453
2453
2455
2457
2457
2457
2461
2461
2465
2467
2469
2469
2469
2473
2473
2473
2477
2481
2485
2485
2485
2487
2489
2491
2491
2493
2493
2497
2497
2499
2503
2507
2507
2507
2509
2509
2517
2517
2521
2525
2531
2531
2535
2535
2541
2543
2549
2549
2553
2555
2559
2561
2561
2563
2565
2569
2573
2577
2583
2583
2585
2589
2591
2591
2593
2595
2607
2609
2609
2609
2611
2613
2615
2615
2617
2617
2619
2621
2623
2625
2625
2625
2625
2627
2627
2629
2629
2633
2635
2635
2639
2645
2645
2645
2651
2651
2653
2659
2659
2663
2667
2673
2673
2677
2677
2683
2683
2685
2687
2689
2689
2689
2693
2695
2699
2701
2701
2701
2705
2707
2711
2713
2715
2717
2719
2719
2719
2719
2719
2725
2725
2725
2727
2731
2731
2735
2741
2741
2741
2741
2745
2747
2747
2747
2751
2757
2757
2757
2759
2761
2763
2763
2765
2765
2767
2767
2771
2773
2775
2775
2777
2779
2781
2783
2785
2785
2793
2795
2797
2799
2803
2803
2805
2807
2807
2813
2817
2819
2825
2827
2831
2831
2833
2837
2837
2837
2841
2847
2849
2849
2851
2855
2855
2859
2859
2859
2871
2873
2873
2879
2883
2887
2893
2893
2897
2899
2901
2901
2901
2903
2907
2909
2909
2911
2911
2911
2913
2919
2921
2923
2923
2923
2925
2925
2927
2927
2933
2935
2939
2941
2941
2945
2945
2947
2949
2949
2951
2953
2953
2953
2953
2955
2955
2957
2963
2967
2973
2973
2975
2977
2979
2981
2983
2987
2989
2989
2989
2991
2991
2993
2997
3003
3017
3021
3021
3021
3021
3023
3025
3033
3039
3041
3043
3045
3047
3047
3049
3053
3053
3057
3061
3065
3065
3067
3067
3067
3067
3069
3071
3073
3077
3077
3079
3081
3083
3087
3087
3087
3095
3101
3101
3103
3107
3111
3111
3111
3115
3125
3125
3125
3135
3135
3137
3141
3143
3143
3147
3147
3149
3151
3155
3161
3167
3167
3169
3169
3171
3171
3173
3173
3179
3179
3187
3189
3189
3191
3191
3193
3195
3195
3195
3197
3199
3199
3199
3203
3207
3207
3209
3213
3213
3213
3213
3217
3217
3219
3221
3223
3223
3225
3225
3227
3231
3235
3235
3237
3237
3239
3241
3243
3243
3245
3245
3245
3249
3249
3251
3251
3253
3255
3257
3261
3261
3261
3261
3265
3265
3265
3271
3273
3273
3273
3275
3275
3277
3277
3279
3279
3287
3287
3289
3289
3291
3291
3293
3293
3293
3295
3295
3295
3297
3297
3297
3299
3299
3301
3301
3303
3303
3307
3309
3317
3319
3325
3329
3329
3331
3337
3339
3343
3349
3349
3351
3351
3351
3357
3359
3359
3359
3371
3373
3375
3381
3381
3381
3381
3383
3383
3385
3385
3387
3387
3391
3391
3393
3393
3395
3397
3401
3407
3411
3413
3415
3415
3421
3423
3427
3431
3433
3433
3435
3437
3437
3445
3447
3453
3455
3457
3461
3461
3465
3465
3467
3469
3469
3487
3487
3497
3499
3505
3509
3509
3513
3513
3513
3513
3515
3519
3523
3527
3531
3533
3533
3535
3535
3537
3537
3539
3541
3541
3541
3547
3547
3551
3551
3551
3553
3559
3559
3559
3565
3565
3567
3567
3569
3573
3573
3575
3579
3579
3581
3585
3587
3587
3591
3591
3591
3603
3603
3607
3609
3609
3611
3613
3613
3613
3615
3615
3617
3619
3619
3621
3623
3629
3629
3631
3633
3635
3637
3637
3639
3639
3641
3643
3643
3647
3653
3653
3655
3657
3661
3661
3665
3665
3665
3667
3667
3673
3677
3683
3687
3687
3689
3689
3693
3695
3695
3701
3703
3705
3705
3711
3713
3713
3715
3719
3721
3721
3721
3723
3725
3727
3731
3731
3737
3743
3745
3745
3747
3747
3747
3749
3757
3761
3763
3765
3765
3767
3767
3767
3769
3769
3771
3773
3773
3775
3783
3783
3789
3791
3791
3795
3797
3797
3801
3811
3811
3811
3813
3825
3827
3829
3829
3831
3833
3833
3833
3835
3839
3841
3847
3847
3849
3849
3851
3853
3853
3853
3853
3857
3857
3859
3859
3863
3863
3863
3865
3869
3871
3877
3881
3881
3883
3885
3891
3891
3891
3897
3901
3903
3905
3907
3907
3909
3917
3919
3921
3925
3933
3933
3935
3937
3939
3945
3945
3947
3947
3947
3947
3949
3951
3953
3955
3957
3959
3963
3965
3969
3971
3971
3975
3979
3979
3987
3987
3989
3989
3989
3995
3997
3999
3999
3999
4001
4003
4005
4005
4007
4013
4013
4017
4017
4017
4023
4023
4023
4025
4029
4029
4033
4035
4035
4041
4043
4045
4045
4045
4049
4051
4051
4051
4053
4055
4059
4065
4067
4069
4069
4071
4071
4071
4075
4077
4077
4083
4083
4085
4085
4085
4087
4091
4097
4097
4101
4103
4105
4105
4107
4109
4109
4111
4115
4115
4117
4123
4125
4135
4135
4143
4147
4147
4151
4153
4153
4155
4159
4159
4165
4167
4169
4171
4177
4181
4181
4183
4185
4185
4187
4189
4193
4193
4197
4199
4201
4203
4203
4205
4205
4205
4207
4209
4213
4213
4213
4215
4215
4221
4223
4223
4227
4233
4233
4237
4237
4239
4243
4243
4249
4253
4257
4259
4259
4261
4261
4265
4267
4269
4271
4271
4271
4273
4275
4275
4279
4281
4285
4289
4291
4293
4295
4301
4303
4305
4309
4311
4313
4313
4321
4323
4325
4327
4329
4331
4333
4333
4335
4339
4343
4349
4351
4351
4355
4355
4357
4365
4367
4367
4371
4375
4381
4383
4389
4389
4389
4397
4399
4401
4403
4403
4405
4407
4409
4409
4409
4411
4413
4417
4419
4419
4419
4421
4423
4423
4433
4433
4435
4439
4439
4439
4441
4441
4441
4443
4443
4447
4449
4451
4451
4451
4453
4453
4453
4453
4455
4457
4457
4457
4463
4465
4465
4469
4473
4475
4475
4477
4479
4483
4485
4485
4485
4485
4489
4491
4491
4491
4493
4501
4501
4503
4505
4505
4505
4507
4507
4509
4509
4517
4517
4521
4521
4529
4529
4529
4533
4535
4535
4537
4537
4541
4545
4547
4549
4551
4553
4555
4557
4561
4563
4565
4565
4565
4569
4575
4575
4581
4581
4581
4583
4585
4587
4589
4589
4591
4595
4597
4597
4601
4601
4601
4601
4603
4605
4605
4605
4609
4609
4609
4611
4613
4613
4615
4615
4615
4615
4617
4617
4619
4621
4621
4623
4625
4625
4627
4629
4629
4631
4631
4633
4635
4639
4641
4647
4651
4651
4653
4655
4657
4659
4663
4665
4667
4671
4671
4675
4681
4683
4685
4685
4687
4691
4691
4691
4691
4693
4693
4693
4699
4699
4703
4705
4705
4707
4709
4711
4715
4715
4717
4719
4723
4727
4727
4727
4729
4733
4735
4739
4741
4741
4741
4741
4741
4743
4743
4745
4749
4751
4751
4755
4757
4759
4759
4759
4761
4763
4767
4769
4773
4775
4775
4781
4783
4785
4785
4787
4789
4789
4791
4791
4791
4793
4803
4805
4807
4809
4809
4811
4815
4817
4817
4817
4819
4819
4821
4821
4823
4823
4825
4827
4829
4831
4833
4837
4837
4841
4845
4845
4845
4847
4849
4853
4853
4855
4855
4857
4859
4863
4865
4865
4869
4869
4873
4873
4873
4875
4875
4877
4879
4879
4881
4887
4887
4887
4889
4889
4895
4895
4899
4899
4907
4907
4907
4909
4909
4911
4911
4911
4913
4915
4921
4923
4925
4933
4939
4939
4939
4949
4953
4957
4961
4961
4963
4965
4967
4969
4969
4969
4969
4969
4969
4973
4973
4977
4979
4981
4981
4983
4989
4989
4989
4995
4995
4999
5001
5001
5009
5009
5009
5013
5013
5013
5015
5017
5017
5019
5021
5023
5023
5031
5031
5037
5045
5045
5047
5049
5051
5051
5053
5055
5055
5057
5057
5057
5059
5059
5059
5061
5063
5065
5067
5067
5069
5069
5071
5071
5073
5077
5077
5079
5085
5089
5089
5091
5093
5093
5093
5093
5095
5095
5099
5101
5101
5101
5101
5101
5101
5103
5103
5105
5107
5107
5109
5113
5115
5115
5115
5117
5117
5117
5119
5121
5127
5127
5135
5135
5135
5141
5141
5143
5143
5147
5151
5151
5151
5161
5165
5167
5169
5173
5179
5183
5185
5187
5189
5199
5203
5203
5205
5205
5205
5207
5209
5215
5221
5221
5223
5225
5225
5227
5227
5229
5229
5231
5233
5233
5233
5233
5235
5237
5237
5237
5237
5241
5243
5245
5249
5249
5251
5253
5255
5267
5267
5271
5277
5277
5279
5281
5281
5281
5285
5285
5291
5295
5295
5297
5297
5299
5301
5303
5303
5311
5311
5313
5313
5315
5319
5321
5325
5331
5333
5335
5335
5337
5343
5345
5345
5347
5347
5347
5351
5351
5355
5363
5363
5363
5363
5363
5367
5367
5367
5371
5373
5375
5377
5377
5379
5379
5379
5381
5381
5383
5385
5389
5391
5393
5393
5393
5401
5401
5403
5409
5413
5415
5417
5421
5421
5423
5423
5427
5427
5429
5429
5431
5433
5435
5435
5439
5443
5447
5449
5451
5451
5459
5459
5463
5465
5469
5471
5471
5471
5473
5473
5473
5475
5477
5477
5477
5479
5481
5481
5483
5485
5487
5491
5491
5491
5491
5493
5495
5497
5499
5499
5501
5503
5505
5505
5509
5519
5521
5521
5525
5527
5527
5531
5531
5531
5531
5531
5533
5535
5539
5543
5547
5549
5559
5563
5567
5567
5567
5567
5567
5567
5571
5577
5577
5579
5579
5585
5585
5587
5587
5591
5591
5593
5593
5597
5597
5603
5607
5609
5609
5611
5613
5615
5617
5617
5621
5621
5623
5625
5627
5627
5627
5629
5629
5635
5637
5643
5645
5649
5651
5651
5653
5657
5657
5659
5663
5663
5663
5665
5665
5667
5667
5669
5669
5669
5669
5669
5671
5671
5671
5675
5675
5675
5675
5681
5681
5681
5683
5683
5685
5687
5687
5687
5689
5691
5693
5695
5697
5699
5699
5705
5707
5709
5709
5715
5723
5723
5723
5723
5723
5731
5731
5733
5735
5737
5737
5743
5743
5743
5745
5745
5747
5753
5757
5759
5761
5761
5765
5765
5769
5771
5771
5773
5775
5777
5779
5779
5783
5785
5789
5795
5795
5795
5795
5795
5797
5803
5803
5809
5817
5817
5819
5823
5827
5827
5831
5833
5833
5839
5841
5845
5847
5847
5849
5851
5855
5855
5857
5857
5857
5859
5861
5861
5861
5863
5863
5863
5863
5869
5869
5875
5875
5881
5883
5885
5885
5887
5893
5893
5895
5897
5901
5901
5905
5911
5915
5917
5923
5925
5927
5931
5931
5931
5933
5933
5937
5939
5939
5941
5943
5943
5943
5945
5947
5949
5949
5957
5959
5963
5963
5965
5965
5967
5969
5975
5975
5977
5981
5983
5983
5989
5991
5993
5995
5995
5995
5997
5997
5999
6003
6009
6013
6013
6015
6019
6021
6023
6023
6023
6027
6027
6029
6033
6039
6041
6041
6041
6043
6045
6047
6047
6051
6053
6053
6055
6057
6059
6061
6065
6065
6065
6067
6067
6069
6071
6073
6075
6075
6077
6079
6081
6085
6085
6085
6089
6089
6089
6093
6095
6101
6103
6109
6111
6123
6125
6129
6131
6135
6135
6137
6139
6141
6141
6141
6145
6147
6147
6149
6151
6153
6155
6155
6157
6157
6157
6157
6157
6159
6159
6159
6159
6161
6161
6161
6163
6167
6167
6171
6171
6179
6181
6183
6183
6183
6185
6189
6191
6191
6191
6191
6195
6197
6199
6201
6201
6203
6203
6205
6205
6207
6209
6211
6213
6213
6215
6217
6217
6217
6219
6219
6219
6223
6225
6233
6233
6233
6237
6241
6245
6247
6249
6249
6249
6253
6253
6253
6255
6261
6261
6261
6265
6269
6269
6269
6271
6275
6281
6285
6285
6289
6289
6289
6289
6291
6293
6293
6295
6295
6297
6303
6309
6309
6313
6313
6313
6315
6315
6321
6325
6327
6327
6333
6333
6337
6337
6339
6339
6341
6345
6345
6349
6349
6349
6351
6351
6355
6355
6357
6361
6361
6361
6363
6365
6369
6377
6383
6387
6387
6389
6391
6391
6393
6393
6393
6395
6395
6399
6401
6403
6405
6407
6407
6409
6409
6411
6413
6415
6419
6421
6423
6423
6425
6427
6431
6435
6435
6447
6449
6457
6459
6459
6463
6465
6465
6467
6469
6473
6473
6473
6475
6477
6477
6479
6479
6485
6487
6487
6487
6489
6491
6497
6499
6499
6501
6503
6509
6511
6513
6515
6515
6517
6517
6521
6523
6523
6523
6527
6529
6533
6535
6535
6537
6537
6539
6539
6543
6543
6543
6545
6545
6549
6549
6551
6553
6557
6561
6563
6567
6567
6571
6571
6575
6577
6585
6587
6591
6593
6599
6603
6609
6609
6611
6611
6613
6617
6617
6621
6625
6625
6627
6631
6631
6633
6635
6635
6635
6639
6641
6643
6643
6643
6643
6645
6647
6649
6651
6651
6659
6665
6669
6671
6671
6677
6679
6681
6683
6685
6685
6689
6689
6691
6693
6697
6697
6699
6701
6703
6705
6705
6705
6707
6709
6709
6709
6709
6711
6717
6719
6719
6721
6721
6721
6723
6725
6727
6729
6729
6731
6731
6733
6735
6735
6735
6737
6739
6741
6749
6749
6749
6751
6753
6753
6757
6757
6759
6759
6759
6763
6767
6773
6773
6775
6777
6781
6781
6785
6787
6787
6789
6789
6791
6793
6793
6795
6797
6799
6799
6805
6809
6811
6821
6823
6827
6829
6829
6829
6831
6833
6833
6837
6837
6839
6841
6841
6841
6845
6849
6851
6853
6855
6857
6857
6861
6863
6865
6865
6867
6867
6869
6871
6871
6875
6875
6877
6883
6883
6885
6893
6895
6895
6895
6897
6897
6901
6901
6903
6903
6905
6905
6909
6913
6915
6915
6921
6923
6923
6925
6927
6927
6929
6929
6929
6929
6931
6931
6931
6935
6937
6937
6939
6941
6941
6941
6941
6943
6943
6963
6963
6965
6965
6967
6969
6973
6979
6981
6985
6989
6995
6995
6997
6999
6999
7001
7001
7003
7007
7009
7009
7013
7015
7015
7015
7019
7021
7021
7023
7023
7025
7025
7025
7027
7031
7035
7037
7037
7039
7041
7043
7043
7043
7049
7051
7053
7055
7055
7057
7057
7059
7059
7059
7059
7063
7065
7065
7067
7067
7069
7071
7073
7075
7077
7079
7081
7081
7083
7089
7093
7093
7093
7097
7097
7101
7103
7105
7107
7109
7109
7113
7115
7115
7119
7121
7123
7125
7125
7125
7127
7129
7129
7131
7135
7141
7143
7143
7143
7147
7149
7149
7149
7151
7151
7151
7153
7155
7155
7157
7161
7165
7165
7165
7169
7169
7171
7177
7179
7185
7185
7185
7185
7189
7189
7189
7193
7193
7197
7199
7199
7201
7203
7205
7209
7209
7209
7219
7223
7227
7229
7231
7231
7233
7233
7237
7237
7239
7239
7239
7241
7241
7245
7245
7247
7249
7249
7251
7255
7259
7261
7269
7269
7269
7271
7271
7273
7275
7275
7279
7279
7279
7281
7281
7283
7289
7291
7293
7293
7295
7297
7299
7299
7299
7301
7303
7305
7307
7307
7307
7309
7309
7315
7317
7317
7325
7329
7331
7333
7335
7337
7339
7343
7343
7347
7347
7349
7349
7353
7357
7363
7365
7367
7373
7383
7385
7387
7387
7387
7389
7389
7391
7391
7395
7399
7399
7399
7403
7407
7411
7413
7413
7413
7413
7413
7419
7423
7425
7425
7427
7433
7433
7439
7441
7441
7443
7443
7447
7447
7447
7449
7449
7451
7451
7451
7453
7455
7455
7455
7455
7455
7455
7457
7457
7467
7469
7469
7471
7475
7477
7479
7479
7479
7481
7485
7493
7493
7497
7497
7499
7501
7503
7503
7507
7511
7513
7515
7521
7529
7529
7531
7531
7533
7539
7545
7547
7551
7553
7555
7557
7561
7561
7567
7567
7567
7569
7569
7569
7577
7579
7579
7585
7587
7589
7591
7591
7595
7599
7599
7601
7603
7603
7607
7607
7609
7615
7619
7621
7623
7629
7629
7629
7629
7631
7635
7635
7635
7639
7641
7643
7645
7647
7649
7649
7649
7651
7653
7655
7657
7657
7657
7659
7661
7663
7665
7667
7671
7675
7675
7675
7677
7681
7683
7687
7689
7695
7697
7699
7703
7703
7705
7711
7711
7713
7713
7715
7717
7719
7721
7723
7725
7729
7731
7735
7737
7749
7753
7753
7755
7757
7761
7761
7763
7765
7767
7769
7771
7771
7771
7773
7773
7777
7779
7779
7779
7779
7783
7785
7789
7791
7793
7793
7795
7799
7801
7803
7807
7811
7811
7813
7813
7815
7815
7815
7817
7817
7821
7821
7825
7831
7833
7833
7835
7837
7841
7845
7847
7849
7849
7851
7853
7855
7857
7857
7861
7867
7869
7869
7869
7873
7875
7879
7881
7889
7893
7893
7895
7895
7897
7909
7913
7917
7917
7923
7923
7929
7931
7931
7933
7939
7941
7941
7943
7943
7947
7951
7955
7957
7959
7959
7959
7963
7963
7965
7973
7975
7975
7977
7979
7983
7987
7987
7989
7991
7991
7993
7999
8001
8001
8001
8001
8003
8011
8011
8013
8015
8017
8019
8021
8023
8025
8027
8027
8027
8027
8029
8031
8033
8033
8033
8037
8037
8039
8039
8041
8041
8043
8043
8045
8045
8045
8051
8053
8057
8057
8061
8063
8063
8065
8065
8065
8067
8071
8071
8071
8073
8081
8081
8083
8083
8087
8087
8087
8089
8091
8095
8097
8101
8101
8101
8103
8105
8107
8107
8107
8109
8111
8111
8113
8113
8115
8115
8119
8123
8125
8129
8131
8131
8131
8135
8139
8143
8147
8149
8149
8157
8157
8159
8161
8165
8167
8167
8167
8169
8169
8171
8177
8179
8179
8181
8181
8181
8183
8183
8185
8189
8191
8195
8195
8195
8199
8199
8207
8207
8207
8209
8209
8211
8213
8215
8217
8219
8221
8225
8225
8227
8229
8229
8229
8229
8231
8233
8237
8241
8241
8245
8245
8251
8259
8263
8265
8265
8265
8267
8271
8271
8273
8281
8283
8287
8289
8289
8291
8293
8301
8303
8305
8311
8315
8317
8319
8321
8323
8325
8325
8327
8327
8329
8329
8331
8331
8331
8335
8335
8337
8339
8347
8349
8349
8353
8353
8357
8357
8363
8363
8367
8367
8367
8371
8373
8377
8379
8383
8385
8389
8389
8391
8397
8399
8401
8405
8405
8407
8409
8409
8411
8415
8415
8415
8419
8423
8425
8429
8429
8431
8433
8437
8437
8443
8443
8445
8445
8449
8449
8453
8453
8455
8459
8467
8475
8475
8475
8475
8475
8479
8487
8489
8491
8493
8493
8499
8503
8509
8511
8513
8515
8517
8519
8521
8527
8529
8533
8533
8535
8535
8535
8535
8537
8537
8537
8537
8539
8539
8543
8545
8549
8551
8553
8563
8565
8567
8575
8577
8577
8579
8581
8583
8585
8589
8589
8591
8593
8593
8593
8595
8595
8597
8599
8599
8603
8603
8607
8607
8609
8613
8613
8613
8615
8615
8621
8623
8625
8627
8627
8629
8629
8633
8633
8633
8635
8635
8637
8643
8643
8643
8645
8645
8647
8647
8649
8651
8651
8655
8657
8657
8657
8659
8661
8663
8669
8671
8675
8677
8677
8677
8679
8679
8681
8681
8685
8689
8693
8695
8695
8695
8695
8705
8707
8707
8707
8707
8709
8711
8717
8717
8717
8719
8719
8719
8723
8727
8727
8731
8731
8737
8739
8739
8741
8743
8743
8749
8751
8753
8763
8765
8765
8765
8765
8769
8769
8769
8771
8771
8783
8783
8783
8789
8791
8793
8797
8797
8799
8801
8801
8803
8811
8815
8817
8819
8819
8821
8823
8823
8829
8829
8829
8831
8831
8831
8831
8833
8837
8845
8849
8853
8859
8859
8861
8863
8863
8863
8867
8867
8869
8871
8873
8875
8875
8875
8883
8887
8889
8889
8891
8891
8893
8893
8895
8895
8897
8897
8897
8899
8901
8903
8903
8907
8907
8909
8911
8913
8913
8919
8927
8931
8931
8931
8937
8939
8939
8941
8941
8945
8949
8957
8957
8957
8961
8963
8965
8967
8967
8969
8971
8973
8975
8975
8977
8979
8983
8987
8991
8991
8991
8993
8993
8993
8997
8999
9001
9001
9005
9007
9011
9011
9011
9013
9015
9019
9021
9021
9023
9023
9025
9027
9029
9029
9031
9035
9041
9041
9043
9047
9053
9053
9055
9055
9059
9061
9063
9065
9073
9081
9081
9083
9085
9087
9087
9087
9087
9087
9091
9093
9093
9093
9095
9097
9097
9099
9099
9101
9101
9103
9107
9107
9111
9113
9115
9117
9117
9117
9121
9125
9129
9129
9129
9129
9129
9133
9133
9137
9139
9143
9143
9147
9149
9151
9151
9151
9151
9151
9153
9155
9155
9155
9161
9161
9165
9167
9169
9169
9173
9173
9175
9179
9179
9179
9181
9181
9183
9187
9187
9187
9187
9187
9187
9187
9195
9197
9199
9201
9201
9201
9201
9203
9205
9205
9207
9207
9211
9213
9213
9219
9219
9221
9223
9223
9225
9227
9227
9227
9229
9235
9235
9237
9237
9237
9239
9241
9241
9243
9243
9245
9245
9247
9249
9251
9251
9253
9255
9255
9255
9259
9263
9265
9265
9271
9271
9271
9271
9273
9273
9273
9273
9275
9277
9277
9279
9281
9281
9285
9285
9287
9289
9295
9297
9299
9301
9301
9307
9307
9307
9307
9309
9323
9325
9331
9331
9333
9337
9341
9343
9343
9353
9355
9357
9361
9365
9367
9369
9371
9373
9373
9379
9379
9381
9381
9383
9383
9385
9393
9397
9401
9405
9405
9411
9411
9411
9413
9417
9421
9421
9421
9423
9425
9431
9431
9431
9431
9433
9435
9437
9439
9441
9443
9443
9445
9445
9445
9447
9447
9449
9451
9453
9455
9457
9459
9459
9461
9461
9463
9467
9471
9473
9477
9481
9489
9491
9491
9493
9495
9495
9497
9497
9499
9501
9507
9509
9513
9517
9519
9523
9527
9529
9529
9531
9531
9535
9535
9539
9541
9543
9543
9551
9551
9553
9555
9555
9557
9559
9561
9565
9567
9569
9573
9575
9575
9579
9581
9581
9587
9591
9593
9593
9595
9595
9597
9597
9599
9601
9603
9603
9605
9607
9607
9607
9609
9611
9611
9613
9615
9617
9617
9619
9619
9621
9621
9625
9627
9627
9629
9631
9631
9633
9635
9635
9641
9641
9645
9647
9647
9649
9649
9659
9661
9663
9665
9667
9675
9677
9679
9679
9681
9681
9683
9689
9689
9691
9693
9693
9697
9699
9705
9707
9709
9713
9715
9717
9719
9721
9723
9725
9727
9735
9739
9741
9745
9745
9747
9751
9751
9757
9757
9757
9759
9761
9761
9765
9765
9765
9771
9773
9775
9779
9779
9783
9783
9783
9785
9789
9791
9797
9799
9801
9803
9809
9811
9811
9813
9813
9813
9817
9817
9821
9821
9825
9827
9831
9833
9833
9833
9835
9845
9849
9851
9851
9853
9853
9861
9863
9863
9865
9867
9867
9869
9869
9871
9873
9875
9875
9877
9877
9879
9879
9881
9881
9887
9889
9889
9889
9891
9895
9897
9899
9899
9903
9903
9907
9911
9911
9915
9915
9919
9919
9921
9921
9923
9923
9923
9925
9927
9927
9929
9929
9929
9931
9931
9935
9935
9935
9937
9941
9943
9943
9947
9947
9949
9953
9955
9957
9957
9961
9963
9963
9963
9965
9967
9969
9969
9971
9973
9979
9979
9979
9983
9983
9987
9991
9993
9993
10003
10005
10009
10009
10009
10011
10011
10013
10015
10019
10019
10021
10023
10025
10029
10029
10029
10031
10031
10037
10037
10039
10039
10041
10041
10045
10047
10053
10057
10059
10059
10061
10063
10063
10065
10071
10079
10079
10081
10083
10085
10089
10091
10091
10095
10097
10099
10099
10099
10101
10105
10111
10117
10121
10121
10123
10125
10127
10129
10129
10135
10139
10141
10143
10143
10145
10145
10145
10147
10147
10155
10155
10157
10157
10159
10165
10167
10167
10175
10181
10181
10181
10183
10185
10187
10187
10189
10189
10191
10195
10195
10197
10197
10207
10209
10209
10209
10219
10219
10219
10223
10225
10225
10225
10225
10227
10229
10229
10235
10235
10237
10237
10239
10239
10239
10241
10241
10243
10247
10247
10251
10251
10253
10255
10259
10259
10259
10259
10261
10265
10269
10271
10271
10275
10275
10281
10283
10287
10287
10291
10293
10293
10295
10295
10297
10299
10299
10301
10305
10309
10311
10315
10315
10317
10317
10321
10321
10321
10327
10327
10329
10333
10337
10339
10339
10339
10341
10343
10349
10351
10351
10353
10353
10355
10355
10359
10363
10365
10365
10367
10371
10373
10375
10381
10381
10385
10385
10389
10391
10391
10395
10395
10395
10397
10401
10401
10403
10409
10411
10411
10413
10415
10415
10417
10425
10431
10433
10435
10437
10437
10437
10441
10441
10443
10443
10445
10445
10447
10447
10447
10449
10451
10453
10453
10453
10455
10459
10459
10461
10461
10463
10467
10471
10473
10473
10475
10479
10481
10483
10483
10485
10487
10487
10487
10487
10489
10491
10491
10493
10493
10493
10495
10499
10499
10501
10503
10503
10503
10503
10503
10503
10509
10509
10511
10513
10517
10521
10525
10527
10531
10531
10539
10539
10545
10547
10549
10553
10553
10553
10553
10555
10555
10557
10559
10559
10561
10567
10569
10571
10575
10577
10581
10583
10585
10585
10587
10593
10595
10595
10597
10597
10601
10603
10603
10607
10609
10611
10611
10613
10615
10615
10617
10617
10619
10625
10629
10631
10631
10635
10639
10639
10639
10639
10641
10645
10645
10645
10645
10645
10647
10647
10649
10653
10655
10661
10663
10663
10665
10667
10671
10673
10675
10679
10685
10687
10687
10691
10691
10693
10695
10695
10695
10699
10701
10701
10701
10703
10703
10707
10707
10711
10713
10715
10715
10715
10717
10717
10719
10725
10725
10725
10725
10727
10729
10733
10739
10739
10741
10741
10745
10747
10751
10753
10755
10757
10761
10761
10763
10765
10767
10771
10771
10777
10779
10781
10783
10783
10789
10793
10793
10795
10799
10805
10805
10805
10807
10809
10809
10811
10813
10813
10815
10821
10823
10825
10825
10825
10831
10831
10835
10835
10839
10839
10841
10841
10843
10847
10847
10847
10849
10849
10851
10857
10859
10859
10861
10863
10865
10867
10869
10871
10875
10875
10877
10877
10879
10879
10881
10883
10883
10887
10887
10889
10895
10897
10901
10903
10909
10909
10913
10913
10915
10917
10919
10923
10925
10929
10931
10935
10935
10937
10941
10941
10945
10947
10947
10947
10947
10947
10949
10949
10953
10953
10955
10955
10957
10959
10959
10959
10959
10961
10963
10963
10965
10967
10967
10969
10969
10973
10973
10973
10979
10979
10983
10985
10987
10989
10989
10991
10991
10999
11001
11003
11005
11005
11013
11017
11017
11017
11017
11019
11021
11023
11023
11025
11025
11035
11035
11037
11039
11041
11041
11043
11045
11045
11049
11053
11053
11055
11059
11063
11063
11065
11065
11067
11069
11071
11075
11077
11077
11079
11081
11083
11083
11087
11087
11087
11087
11087
11087
11089
11089
11091
11091
11091
11091
11095
11095
11101
11101
11105
11105
11107
11111
11111
11113
11113
11115
11115
11117
11119
11119
11121
11121
11125
11133
11135
11137
11139
11141
11141
11143
11147
11151
11151
11159
11163
11163
11169
11173
11173
11173
11181
11189
11193
11197
11197
11197
11203
11205
11207
11207
11209
11209
11215
11215
11217
11219
11219
11219
11221
11223
11233
11233
11237
11237
11245
11247
11247
11247
11249
11251
11253
11253
11255
11259
11259
11267
11267
11267
11271
11273
11279
11281
11283
11283
11287
11287
11291
11293
11293
11293
11293
11297
11299
11299
11299
11301
11301
11303
11305
11305
11313
11319
11321
11327
11327
11329
11329
11331
11331
11333
11335
11337
11339
11343
11351
11351
11357
11357
11357
11359
11361
11361
11365
11365
11365
11367
11369
11371
11379
11387
11393
11393
11393
11395
11399
11399
11399
11399
11401
11403
11405
11405
11405
11405
11407
11409
11411
11413
11413
11413
11413
11417
11419
11419
11423
11423
11425
11427
11431
11431
11433
11435
11435
11441
11441
11445
11447
11447
11453
11453
11453
11453
11455
11457
11459
11465
11467
11467
11471
11473
11475
11477
11477
11477
11479
11479
11481
11483
11485
11487
11489
11491
11493
11493
11497
11499
11499
11503
11505
11505
11505
11511
11513
11515
11517
11519
11519
11519
11521
11521
11523
11523
11525
11525
11529
11531
11539
11541
11543
11543
11547
11549
11553
11553
11557
11561
11561
11563
11563
11565
11565
11569
11569
11573
11573
11573
11573
11575
11577
11577
11579
11579
11581
11583
11583
11585
11587
11587
11589
11589
11591
11593
11593
11595
11597
11601
11603
11603
11607
11611
11613
11613
11613
11613
11613
11617
11617
11621
11621
11629
11633
11635
11637
11639
11641
11643
11643
11647
11649
11651
11655
11655
11659
11667
11667
11667
11669
11669
11669
11671
11673
11673
11675
11677
11685
11687
11687
11689
11691
11691
11693
11693
11693
11693
11695
11697
11697
11699
11701
11705
11707
11707
11709
11711
11717
11719
11719
11721
11721
11725
11725
11729
11729
11729
11729
11731
11733
11735
11735
11741
11745
11745
11745
11747
11747
11749
11753
11757
11763
11765
11765
11767
11771
11771
11771
11773
11775
11781
11783
11783
11785
11791
11791
11791
11795
11795
11801
11801
11807
11807
11809
11811
11813
11813
11815
11817
11817
11817
11825
11827
11831
11837
11843
11845
11849
11849
11857
11859
11863
11865
11869
11869
11873
11875
11877
11877
11877
11879
11879
11883
11889
11891
11893
11895
11897
11897
11897
11899
11899
11901
11901
11901
11901
11907
11909
11915
11919
11919
11925
11925
11925
11927
11929
11933
11933
11935
11937
11937
11939
11943
11945
11949
11951
11953
11957
11959
11963
11963
11967
11969
11971
11971
11975
11977
11977
11981
11985
11985
11985
11987
11987
11989
11989
11991
11993
11995
11999
12001
12003
12005
12011
12011
12015
12017
12017
12019
12027
12027
12027
12031
12033
12033
12033
12037
12039
12043
12049
12049
12057
12057
12061
12061
12067
12067
12067
12069
12073
12075
12083
12085
12087
12089
12089
12093
12095
12095
12095
12097
12097
12099
12101
12101
12101
12103
12105
12107
12109
12113
12115
12115
12123
12125
12127
12127
12131
12133
12133
12135
12139
12141
12143
12147
12147
12147
12149
12149
12149
12149
12149
12149
12151
12153
12153
12155
12157
12159
12161
12165
12165
12169
12169
12173
12177
12181
12185
12187
12189
12189
12191
12195
12197
12199
12201
12203
12205
12209
12211
12213
12213
12215
12215
12215
12219
12223
12223
12223
12229
12231
12231
12235
12237
12239
12241
12243
12251
12253
12253
12257
12257
12257
12257
12263
12263
12265
12265
12267
12269
12271
12273
12275
12287
12289
12293
12293
12297
12297
12297
12303
12303
12305
12307
12309
12309
12311
12311
12315
12317
12319
12327
12329
12329
12333
12333
12333
12335
12335
12335
12345
12347
12347
12347
12349
12351
12353
12353
12353
12357
12357
12367
12367
12369
12369
12371
12373
12375
12383
12385
12387
12389
12389
12389
12389
12389
12391
12393
12397
12397
12397
12397
12397
12399
12401
12405
12405
12411
12415
12417
12417
12419
12421
12421
12425
12433
12437
12437
12439
12443
12445
12445
12445
12449
12449
12453
12453
12453
12455
12455
12455
12455
12457
12461
12469
12469
12469
12469
12471
12475
12477
12479
12483
12483
12487
12487
12487
12487
12489
12493
12495
12495
12497
12501
12503
12509
12511
12517
12519
12521
12523
12543
12543
12545
12547
12547
12547
12549
12549
12549
12549
12553
12553
12553
12559
12559
12559
12561
12563
12565
12567
12575
12579
12579
12583
12585
12585
12585
12587
12587
12591
12595
12599
12599
12599
12601
12601
12601
12603
12607
12609
12611
12613
12613
12615
12617
12625
12625
12627
12627
12629
12629
12629
12637
12639
12641
12641
12641
12643
12643
12647
12653
12655
12657
12659
12661
12661
12663
12669
12669
12671
12675
12677
12679
12679
12679
12683
12685
12685
12687
12689
12693
12693
12695
12697
12699
12701
12701
12703
12703
12705
12711
12727
12729
12733
12737
12739
12739
12743
12743
12743
12745
12747
12747
12747
12749
12753
12755
12757
12757
12759
12761
12767
12767
12771
12773
12781
12787
12789
12791
12791
12791
12793
12793
12799
12805
12807
12807
12809
12809
12809
12813
12815
12815
12819
12819
12829
12831
12831
12835
12835
12837
12837
12837
12843
12845
12845
12845
12847
12849
12851
12857
12857
12859
12861
12861
12861
12861
12863
12863
12863
12865
12865
12867
12869
12869
12871
12873
12873
12875
12877
12879
12881
12881
12883
12887
12889
12889
12891
12893
12893
12895
12897
12897
12901
12901
12901
12901
12903
12905
12905
12907
12907
12909
12909
12909
12917
12923
12925
12927
12927
12929
12929
12935
12937
12937
12937
12943
12943
12945
12947
12951
12951
12953
12955
12955
12959
12963
12965
12965
12965
12967
12967
12969
12969
12975
12975
12977
12981
12983
12985
12989
12993
12995
12995
12997
13001
13003
13007
13007
13009
13011
13011
13013
13013
13031
13033
13033
13037
13041
13041
13047
13047
13049
13051
13051
13051
13055
13057
13059
13059
13059
13061
13069
13071
13071
13073
13073
13077
13079
13095
13099
13101
13101
13107
13109
13111
13119
13123
13125
13127
13129
13135
13137
13139
13141
13145
13147
13157
13157
13159
13167
13169
13171
13173
13173
13175
13175
13177
13177
13177
13179
13181
13183
13185
13187
13189
13191
13193
13193
13201
13203
13203
13203
13205
13213
13221
13221
13221
13223
13223
13225
13229
13237
13237
13239
13243
13247
13247
13247
13249
13249
13253
13261
13261
13261
13263
13265
13269
13269
13275
13275
13277
13277
13277
13277
13279
13281
13281
13283
13291
13291
13293
13293
13297
13301
13301
13301
13303
13303
13303
13317
13317
13321
13321
13323
13325
13329
13331
13331
13335
13337
13337
13339
13341
13343
13345
13345
13347
13353
13357
13359
13361
13361
13363
13365
13373
13373
13373
13377
13377
13379
13379
13379
13381
13385
13385
13387
13387
13391
13391
13393
13395
13395
13397
13401
13403
13403
13407
13411
13413
13415
13415
13419
13419
13419
13421
13423
13423
13423
13425
13429
13433
13433
13435
13435
13437
13439
13441
13443
13443
13445
13445
13447
13451
13453
13453
13453
13455
13457
13459
13459
13459
13459
13463
13467
13471
13471
13473
13475
13477
13477
13481
13481
13483
13483
13485
13489
13489
13489
13495
13501
13501
13501
13503
13507
13511
13513
13513
13515
13515
13517
13521
13523
13527
13531
13533
13535
13535
13541
13541
13543
13545
13545
13545
13547
13547
13547
13549
13551
13555
13557
13557
13559
13559
13559
13559
13559
13565
13565
13567
13569
13571
13571
13573
13573
13575
13579
13583
13583
13583
13583
13585
13585
13587
13587
13587
13589
13589
13591
13595
13595
13595
13597
13597
13599
13599
13599
13603
13607
13617
13619
13619
13619
13619
13621
13625
13629
13629
13635
13635
13635
13639
13641
13643
13645
13645
13647
13649
13651
13653
13657
13659
13659
13659
13661
13661
13663
13665
13665
13667
13667
13669
13673
13673
13673
13673
13681
13683
13685
13687
13689
13689
13691
13695
13695
13699
13701
13703
13707
13709
13715
13715
13715
13721
13721
13723
13727
13727
13729
13731
13733
13735
13735
13737
13737
13737
13739
13741
13741
13743
13743
13743
13745
13745
13745
13747
13753
13755
13757
13757
13759
13759
13759
13763
13763
13763
13765
13765
13773
13775
13775
13775
13775
13775
13777
13779
13781
13783
13785
13787
13791
13793
13799
13799
13801
13807
13807
13809
13811
13811
13811
13811
13813
13815
13819
13823
13823
13823
13823
13827
13827
13829
13833
13837
13837
13837
13839
13839
13839
13841
13843
13843
13845
13845
13845
13847
13847
13849
13853
13855
13857
13857
13865
13865
13867
13869
13869
13871
13873
13873
13873
13873
13877
13881
13885
13887
13891
13891
13895
13897
13901
13901
13901
13903
13905
13905
13905
13913
13915
13917
13921
13921
13921
13923
13923
13923
13923
13923
13927
13927
13929
13931
13931
13933
13933
13933
13935
13939
13941
13943
13945
13951
13953
13961
13967
13969
13969
13971
13973
13975
13975
13983
13987
13989
13991
13995
13995
13997
14001
14005
14007
14009
14013
14013
14017
14019
14019
14023
14025
14029
14031
14031
14037
14045
14051
14051
14053
14055
14059
14059
14061
14063
14063
14067
14067
14069
14071
14071
14071
14073
14075
14077
14079
14085
14085
14089
14089
14091
14091
14093
14093
14095
14097
14099
14101
14103
14103
14103
14103
14107
14107
14111
14111
14113
14113
14115
14117
14119
14121
14129
14129
14131
14135
14137
14137
14143
14143
14143
14145
14147
14149
14149
14149
14149
14151
14151
14151
14153
14153
14155
14159
14161
14163
14165
14167
14167
14169
14173
14175
14175
14177
14181
14181
14183
14193
14193
14197
14199
14199
14201
14203
14203
14205
14207
14207
14211
14215
14219
14219
14225
14227
14227
14235
14237
14237
14243
14243
14249
14251
14251
14253
14253
14255
14255
14257
14261
14261
14263
14263
14263
14265
14267
14267
14267
14269
14271
14271
14271
14273
14277
14277
14281
14281
14283
14285
14285
14287
14291
14291
14295
14295
14295
14299
14301
14301
14303
14303
14307
14309
14311
14313
14313
14315
14317
14317
14321
14321
14325
14325
14325
14327
14327
14331
14333
14335
14337
14339
14339
14339
14343
14345
14347
14351
14351
14353
14353
14355
14359
14359
14363
14371
14373
14373
14379
14383
14387
14389
14391
14391
14395
14399
14399
14401
14401
14405
14407
14411
14413
14413
14415
14417
14419
14423
14425
14425
14425
14427
14429
14431
14431
14431
14431
14437
14437
14437
14437
14439
14439
14441
14441
14443
14443
14443
14447
14453
14453
14453
14455
14457
14465
14465
14467
14467
14467
14469
14473
14475
14479
14483
14483
14483
14485
14487
14489
14489
14489
14491
14491
14495
14497
14497
14499
14501
14501
14501
14503
14505
14505
14507
14507
14511
14513
14515
14515
14519
14521
14521
14525
14527
14529
14531
14533
14537
14537
14537
14539
14539
14541
14543
14547
14553
14553
14557
14557
14561
14561
14563
14565
14565
14567
14569
14569
14569
14575
14575
14577
14579
14585
14591
14591
14593
14595
14595
14597
14599
14603
14605
14609
14611
14611
14613
14617
14621
14623
14623
14627
14627
14627
14629
14631
14633
14633
14633
14635
14637
14637
14639
14641
14645
14645
14647
14651
14651
14655
14659
14661
14663
14671
14671
14671
14671
14675
14675
14677
14677
14679
14679
14681
14681
14683
14687
14689
14691
14695
14695
14699
14705
14705
14705
14707
14709
14711
14711
14715
14717
14717
14719
14719
14719
14719
14723
14729
14731
14733
14735
14745
14747
14747
14747
14749
14751
14755
14755
14755
14755
14755
14757
14759
14761
14761
14763
14767
14769
14769
14771
14783
14783
14785
14789
14795
14799
14799
14799
14801
14803
14803
14805
14807
14811
14811
14811
14813
14813
14815
14817
14817
14821
14823
14827
14827
14833
14835
14839
14839
14839
14839
14841
14841
14843
14845
14847
14847
14849
14851
14859
14859
14861
14861
14865
14867
14869
14871
14873
14877
14877
14883
14885
14887
14889
14895
14901
14901
14903
14905
14905
14915
14915
14919
14925
14927
14927
14927
14929
14931
14931
14937
14937
14939
14939
14943
14943
14949
14949
14951
14957
14959
14961
14961
14963
14965
14967
14967
14969
14971
14971
14971
14973
14973
14975
14975
14975
14979
14981
14983
14983
14987
14991
14991
14997
